       0.5     3.07113     7.79535     9.86649
       1.5     3.04502     7.73353     9.77856
       2.5     2.99446      7.6128     9.60725
       3.5     2.92249     7.43863     9.36112
       4.5     2.83313     7.21851     9.05165
       5.5     2.73088     6.96114     8.69202
       6.5     2.62017     6.67571     8.29589
       7.5     2.50511     6.37121     7.87632
       8.5     2.38916     6.05591     7.44507
       9.5     2.27507     5.73703      7.0121
      10.5      2.1649     5.42056     6.58546
      11.5     2.06009     5.11124     6.17133
      12.5     1.96151     4.81264     5.77415
      13.5     1.86965     4.52729     5.39694
      14.5     1.78464     4.25683     5.04147
      15.5     1.70641     4.00218     4.70859
      16.5     1.63473     3.76371     4.39845
      17.5     1.56927     3.54137     4.11064
      18.5     1.50963     3.33477      3.8444
      19.5     1.45541     3.14334     3.59876
      20.5     1.40618     2.96636     3.37255
      21.5     1.36154     2.80302     3.16456
      22.5     1.32108     2.65247     2.97355
      23.5     1.28444     2.51385      2.7983
      24.5     1.25128     2.38633     2.63761
      25.5     1.22128     2.26908     2.49036
      26.5     1.19415     2.16132     2.35547
      27.5     1.16962     2.06232     2.23194
      28.5     1.14745     1.97139     2.11884
      29.5     1.12743     1.88789     2.01532
      30.5     1.10936     1.81121     1.92057
      31.5     1.09306      1.7408     1.83386
      32.5     1.07836     1.67617     1.75453
      33.5     1.06512     1.61683     1.68195
      34.5      1.0532     1.56236     1.61557
      35.5     1.04249     1.51237     1.55486
      36.5     1.03288     1.46648     1.49936
      37.5     1.02426     1.42437     1.44864
      38.5     1.01655     1.38573     1.40229
      39.5     1.00967     1.35029     1.35995
      40.5     1.00353     1.31777     1.32131
      41.5    0.998081     1.28796     1.28604
      42.5    0.993249     1.26063     1.25387
      43.5    0.988982     1.23557     1.22456
      44.5    0.985227     1.21262     1.19785
      45.5    0.981939      1.1916     1.17354
      46.5    0.979073     1.17236     1.15143
      47.5    0.976592     1.15475     1.13134
      48.5    0.974458     1.13864      1.1131
      49.5     0.97264     1.12392     1.09656
      50.5    0.971106     1.11047     1.08158
      51.5     0.96983     1.09819     1.06802
      52.5    0.968786     1.08698     1.05577
      53.5    0.967951     1.07677     1.04472
      54.5    0.967304     1.06746     1.03476
      55.5    0.966827     1.05899     1.02581
      56.5      0.9665     1.05128     1.01778
      57.5    0.966308     1.04428     1.01059
      58.5    0.966236     1.03792     1.00416
      59.5     0.96627     1.03216     0.99843
      60.5    0.966399     1.02694    0.993339
      61.5    0.966611     1.02222    0.988829
      62.5    0.966895     1.01795    0.984849
      63.5    0.967243     1.01411    0.981349
      64.5    0.967646     1.01064    0.978286
      65.5    0.968096     1.00752     0.97562
      66.5    0.968587     1.00473    0.973314
      67.5    0.969111     1.00222    0.971333
      68.5    0.969664    0.999983    0.969647
      69.5    0.970239    0.997987    0.968226
      70.5    0.970834    0.996212    0.967045
      71.5    0.971442    0.994637     0.96608
      72.5    0.972062    0.993246    0.965308
      73.5    0.972688    0.992021     0.96471
      74.5    0.973319    0.990948    0.964267
      75.5    0.973952    0.990011    0.963963
      76.5    0.974584    0.989198    0.963782
      77.5    0.975214    0.988497    0.963711
      78.5    0.975839    0.987898    0.963737
      79.5    0.976458    0.987391    0.963849
      80.5     0.97707    0.986966    0.964036
      81.5    0.977674    0.986616     0.96429
      82.5    0.978268    0.986333      0.9646
      83.5    0.978851    0.986109    0.964961
      84.5    0.979424     0.98594    0.965364
      85.5    0.979985    0.985818    0.965804
      86.5    0.980535     0.98574    0.966275
      87.5    0.981072      0.9857    0.966772
      88.5    0.981596    0.985694     0.96729
      89.5    0.982108    0.985718    0.967826
      90.5    0.982607    0.985769    0.968376
      91.5    0.983093    0.985844    0.968936
      92.5    0.983566    0.985939    0.969505
      93.5    0.984026    0.986052    0.970078
      94.5    0.984473    0.986181    0.970654
      95.5    0.984908    0.986323    0.971232
      96.5    0.985331    0.986478    0.971808
      97.5    0.985741    0.986642    0.972383
      98.5    0.986139    0.986815    0.972954
      99.5    0.986525    0.986994     0.97352
     100.5      0.9869     0.98718     0.97408
     101.5    0.987263     0.98737    0.974634
     102.5    0.987616    0.987565    0.975181
     103.5    0.987957    0.987762    0.975719
     104.5    0.988289    0.987961     0.97625
     105.5     0.98861    0.988162    0.976771
     106.5    0.988921    0.988363    0.977283
     107.5    0.989222    0.988564    0.977786
     108.5    0.989514    0.988766     0.97828
     109.5    0.989797    0.988967    0.978763
     110.5    0.990071    0.989166    0.979237
     111.5    0.990337    0.989364    0.979701
     112.5    0.990594    0.989561    0.980155
     113.5    0.990843    0.989756    0.980599
     114.5    0.991085    0.989948    0.981033
     115.5    0.991319    0.990139    0.981458
     116.5    0.991546    0.990327    0.981872
     117.5    0.991766    0.990512    0.982277
     118.5    0.991979    0.990694    0.982673
     119.5    0.992185    0.990874    0.983059
     120.5    0.992385    0.991051    0.983437
     121.5     0.99258    0.991225    0.983805
     122.5    0.992768    0.991396    0.984164
     123.5     0.99295    0.991564    0.984515
     124.5    0.993127     0.99173    0.984857
     125.5    0.993299    0.991892     0.98519
     126.5    0.993465    0.992051    0.985516
     127.5    0.993627    0.992207    0.985834
     128.5    0.993784     0.99236    0.986143
     129.5    0.993936     0.99251    0.986446
     130.5    0.994083    0.992657     0.98674
     131.5    0.994226    0.992801    0.987028
     132.5    0.994366    0.992943    0.987308
     133.5    0.994501    0.993081    0.987582
     134.5    0.994632    0.993217    0.987848
     135.5    0.994759     0.99335    0.988109
     136.5    0.994883     0.99348    0.988362
     137.5    0.995003    0.993607     0.98861
     138.5    0.995119    0.993732    0.988851
     139.5    0.995233    0.993854    0.989087
     140.5    0.995343    0.993974    0.989317
     141.5     0.99545    0.994091    0.989541
     142.5    0.995554    0.994205    0.989759
     143.5    0.995656    0.994317    0.989973
     144.5    0.995754    0.994427    0.990181
     145.5     0.99585    0.994534    0.990384
     146.5    0.995943    0.994639    0.990582
     147.5    0.996033    0.994742    0.990775
     148.5    0.996121    0.994843    0.990964
     149.5    0.996207    0.994941    0.991148
     150.5    0.996291    0.995037    0.991328
     151.5    0.996372    0.995132    0.991504
     152.5    0.996451    0.995224    0.991675
     153.5    0.996528    0.995314    0.991842
     154.5    0.996603    0.995403    0.992005
     155.5    0.996676    0.995489    0.992165
     156.5    0.996747    0.995574     0.99232
     157.5    0.996816    0.995656    0.992472
     158.5    0.996883    0.995737     0.99262
     159.5    0.996949    0.995817    0.992765
     160.5    0.997013    0.995894    0.992907
     161.5    0.997075     0.99597    0.993045
     162.5    0.997136    0.996044     0.99318
     163.5    0.997195    0.996117    0.993312
     164.5    0.997253    0.996188    0.993441
     165.5    0.997309    0.996258    0.993567
     166.5    0.997364    0.996326     0.99369
     167.5    0.997417    0.996393     0.99381
     168.5     0.99747    0.996458    0.993928
     169.5     0.99752    0.996522    0.994042
     170.5     0.99757    0.996585    0.994155
     171.5    0.997618    0.996646    0.994264
     172.5    0.997666    0.996706    0.994372
     173.5    0.997712    0.996765    0.994476
     174.5    0.997757    0.996822    0.994579
     175.5    0.997801    0.996878    0.994679
     176.5    0.997844    0.996934    0.994777
     177.5    0.997885    0.996988    0.994873
     178.5    0.997926     0.99704    0.994967
     179.5    0.997966    0.997092    0.995058
     180.5    0.998005    0.997143    0.995148
     181.5    0.998043    0.997193    0.995236
     182.5     0.99808    0.997241    0.995321
     183.5    0.998116    0.997289    0.995405
     184.5    0.998152    0.997335    0.995487
     185.5    0.998187    0.997381    0.995568
     186.5     0.99822    0.997426    0.995646
     187.5    0.998253     0.99747    0.995723
     188.5    0.998286    0.997513    0.995799
     189.5    0.998317    0.997555    0.995872
     190.5    0.998348    0.997596    0.995944
     191.5    0.998378    0.997637    0.996015
     192.5    0.998408    0.997676    0.996084
     193.5    0.998437    0.997715    0.996152
     194.5    0.998465    0.997753    0.996218
     195.5    0.998492    0.997791    0.996283
     196.5    0.998519    0.997827    0.996347
     197.5    0.998546    0.997863    0.996409
     198.5    0.998572    0.997898     0.99647
     199.5    0.998597    0.997933    0.996529
