       0.5     4.04015     15.6476     18.6877
       1.5     3.99771     15.3648     18.3625
       2.5     3.91591     14.8288     17.7448
       3.5     3.80034     14.0917      16.892
       4.5     3.65824     13.2159     15.8741
       5.5     3.49748     12.2636     14.7611
       6.5     3.32563     11.2881     13.6137
       7.5     3.14936     10.3302     12.4796
       8.5     2.97411     9.41799     11.3921
       9.5     2.80397     8.56816     10.3721
      10.5     2.64177     7.78891     9.43068
      11.5     2.48932     7.08233     8.57165
      12.5     2.34756     6.44659     7.79415
      13.5     2.21684     5.87751     7.09435
      14.5     2.09703     5.36974     6.46677
      15.5     1.98774     4.91748     5.90522
      16.5     1.88839     4.51496     5.40335
      17.5     1.79829      4.1567     4.95499
      18.5     1.71672     3.83766     4.55437
      19.5     1.64295     3.55327     4.19622
      20.5      1.5763     3.29946     3.87577
      21.5      1.5161     3.07264     3.58875
      22.5     1.46174     2.86965     3.33139
      23.5     1.41265     2.68771     3.10036
      24.5     1.36831      2.5244     2.89271
      25.5     1.32827     2.37759     2.70586
      26.5      1.2921     2.24544     2.53753
      27.5     1.25942     2.12631     2.38573
      28.5     1.22989      2.0188     2.24869
      29.5     1.20321     1.92165     2.12486
      30.5      1.1791     1.83377     2.01287
      31.5     1.15731     1.75421     1.91151
      32.5     1.13763     1.68209     1.81972
      33.5     1.11985     1.61669     1.73654
      34.5      1.1038     1.55732     1.66112
      35.5     1.08932      1.5034     1.59272
      36.5     1.07626      1.4544     1.53066
      37.5     1.06448     1.40986     1.47435
      38.5     1.05388     1.36935     1.42324
      39.5     1.04435      1.3325     1.37685
      40.5     1.03578     1.29897     1.33475
      41.5     1.02809     1.26846     1.29655
      42.5      1.0212      1.2407      1.2619
      43.5     1.01504     1.21543     1.23047
      44.5     1.00954     1.19244     1.20199
      45.5     1.00464     1.17153     1.17618
      46.5     1.00029     1.15252     1.15281
      47.5    0.996438     1.13523     1.13166
      48.5    0.993036     1.11951     1.11255
      49.5    0.990043     1.10524     1.09528
      50.5    0.987421     1.09229     1.07971
      51.5    0.985137     1.08053     1.06567
      52.5    0.983157     1.06988     1.05303
      53.5    0.981454     1.06022     1.04168
      54.5        0.98     1.05149     1.03149
      55.5    0.978772     1.04359     1.02236
      56.5    0.977746     1.03646      1.0142
      57.5    0.976904     1.03002     1.00692
      58.5    0.976225     1.02422     1.00045
      59.5    0.975693     1.01901    0.994701
      60.5    0.975294     1.01432    0.989616
      61.5    0.975011     1.01012    0.985133
      62.5    0.974834     1.00636    0.981195
      63.5    0.974749       1.003    0.977752
      64.5    0.974746     1.00001    0.974757
      65.5    0.974816     0.99735    0.972166
      66.5    0.974949    0.994993    0.969942
      67.5    0.975138     0.99291    0.968048
      68.5    0.975376    0.991076    0.966452
      69.5    0.975655    0.989469    0.965123
      70.5    0.975969    0.988066    0.964035
      71.5    0.976315    0.986848    0.963163
      72.5    0.976685    0.985798    0.962483
      73.5    0.977077    0.984899    0.961976
      74.5    0.977486    0.984137    0.961623
      75.5    0.977909    0.983497    0.961407
      76.5    0.978343    0.982968    0.961311
      77.5    0.978784    0.982538    0.961323
      78.5    0.979231    0.982197    0.961429
      79.5    0.979682    0.981936    0.961618
      80.5    0.980133    0.981746    0.961879
      81.5    0.980584    0.981619    0.962203
      82.5    0.981034    0.981549    0.962582
      83.5     0.98148    0.981528    0.963008
      84.5    0.981922    0.981552    0.963474
      85.5    0.982359    0.981614    0.963973
      86.5    0.982789    0.981711    0.964501
      87.5    0.983213    0.981838    0.965052
      88.5     0.98363    0.981991    0.965621
      89.5    0.984039    0.982167    0.966206
      90.5     0.98444    0.982362    0.966802
      91.5    0.984833    0.982574    0.967407
      92.5    0.985217      0.9828    0.968017
      93.5    0.985592    0.983038     0.96863
      94.5    0.985958    0.983286    0.969244
      95.5    0.986315    0.983542    0.969857
      96.5    0.986663    0.983804    0.970467
      97.5    0.987003    0.984072    0.971074
      98.5    0.987333    0.984343    0.971676
      99.5    0.987654    0.984616    0.972271
     100.5    0.987967    0.984892    0.972859
     101.5    0.988272    0.985168    0.973439
     102.5    0.988567    0.985443    0.974011
     103.5    0.988855    0.985718    0.974573
     104.5    0.989134    0.985992    0.975126
     105.5    0.989406    0.986264     0.97567
     106.5     0.98967    0.986533    0.976203
     107.5    0.989926      0.9868    0.976726
     108.5    0.990174    0.987064    0.977238
     109.5    0.990416    0.987324     0.97774
     110.5    0.990651     0.98758    0.978231
     111.5    0.990878    0.987833    0.978712
     112.5      0.9911    0.988082    0.979182
     113.5    0.991314    0.988327    0.979641
     114.5    0.991523    0.988567     0.98009
     115.5    0.991726    0.988804    0.980529
     116.5    0.991922    0.989036    0.980958
     117.5    0.992113    0.989263    0.981377
     118.5    0.992299    0.989486    0.981785
     119.5    0.992479    0.989705    0.982184
     120.5    0.992654    0.989919    0.982574
     121.5    0.992824    0.990129    0.982954
     122.5     0.99299    0.990335    0.983325
     123.5     0.99315    0.990536    0.983686
     124.5    0.993306    0.990733     0.98404
     125.5    0.993458    0.990926    0.984384
     126.5    0.993606    0.991114     0.98472
     127.5    0.993749    0.991299    0.985048
     128.5    0.993889    0.991479    0.985368
     129.5    0.994024    0.991656     0.98568
     130.5    0.994156    0.991828    0.985984
     131.5    0.994284    0.991997    0.986281
     132.5    0.994409    0.992161    0.986571
     133.5    0.994531    0.992322    0.986853
     134.5    0.994649     0.99248    0.987129
     135.5    0.994764    0.992634    0.987398
     136.5    0.994876    0.992784     0.98766
     137.5    0.994985    0.992931    0.987916
     138.5    0.995091    0.993075    0.988166
     139.5    0.995195    0.993215    0.988409
     140.5    0.995295    0.993352    0.988647
     141.5    0.995393    0.993486    0.988879
     142.5    0.995489    0.993617    0.989106
     143.5    0.995582    0.993745    0.989327
     144.5    0.995673     0.99387    0.989543
     145.5    0.995761    0.993992    0.989753
     146.5    0.995848    0.994111    0.989959
     147.5    0.995932    0.994228     0.99016
     148.5    0.996014    0.994342    0.990356
     149.5    0.996094    0.994453    0.990547
     150.5    0.996172    0.994562    0.990734
     151.5    0.996248    0.994669    0.990916
     152.5    0.996322    0.994773    0.991094
     153.5    0.996394    0.994874    0.991268
     154.5    0.996465    0.994973    0.991438
     155.5    0.996534    0.995071    0.991604
     156.5    0.996601    0.995165    0.991767
     157.5    0.996667    0.995258    0.991925
     158.5    0.996731    0.995349     0.99208
     159.5    0.996793    0.995438    0.992231
     160.5    0.996855    0.995524    0.992379
     161.5    0.996914    0.995609    0.992523
     162.5    0.996973    0.995692    0.992665
     163.5     0.99703    0.995773    0.992803
     164.5    0.997085    0.995852    0.992937
     165.5    0.997139     0.99593    0.993069
     166.5    0.997193    0.996006    0.993198
     167.5    0.997244     0.99608    0.993324
     168.5    0.997295    0.996152    0.993447
     169.5    0.997345    0.996223    0.993568
     170.5    0.997393    0.996292    0.993686
     171.5    0.997441     0.99636    0.993801
     172.5    0.997487    0.996427    0.993914
     173.5    0.997532    0.996492    0.994024
     174.5    0.997576    0.996555    0.994132
     175.5     0.99762    0.996617    0.994237
     176.5    0.997662    0.996678     0.99434
     177.5    0.997704    0.996738    0.994441
     178.5    0.997744    0.996796     0.99454
     179.5    0.997784    0.996853    0.994637
     180.5    0.997823    0.996909    0.994732
     181.5     0.99786    0.996964    0.994824
     182.5    0.997898    0.997017    0.994915
     183.5    0.997934     0.99707    0.995004
     184.5     0.99797    0.997121     0.99509
     185.5    0.998004    0.997171    0.995175
     186.5    0.998039     0.99722    0.995259
     187.5    0.998072    0.997268     0.99534
     188.5    0.998105    0.997315     0.99542
     189.5    0.998137    0.997362    0.995498
     190.5    0.998168    0.997407    0.995575
     191.5    0.998199    0.997451     0.99565
     192.5    0.998229    0.997494    0.995723
     193.5    0.998258    0.997537    0.995795
     194.5    0.998287    0.997579    0.995866
     195.5    0.998315    0.997619    0.995935
     196.5    0.998343    0.997659    0.996002
     197.5     0.99837    0.997698    0.996069
     198.5    0.998397    0.997737    0.996134
     199.5    0.998423    0.997774    0.996197
