       0.5     3.07113     5.11323     7.18437
       1.5     3.04502     5.09105     7.13608
       2.5     2.99446     5.04727     7.04172
       3.5     2.92249     4.98299     6.90548
       4.5     2.83313      4.8998     6.73294
       5.5     2.73088     4.79968     6.53056
       6.5     2.62017     4.68486     6.30503
       7.5     2.50511     4.55773     6.06284
       8.5     2.38916     4.42076     5.80991
       9.5     2.27507     4.27635     5.55142
      10.5      2.1649      4.1268     5.29171
      11.5     2.06009     3.97424     5.03433
      12.5     1.96151     3.82055     4.78207
      13.5     1.86965      3.6674     4.53705
      14.5     1.78464     3.51621     4.30085
      15.5     1.70641     3.36814     4.07455
      16.5     1.63473     3.22413     3.85886
      17.5     1.56927     3.08493      3.6542
      18.5     1.50963     2.95107      3.4607
      19.5     1.45541     2.82293     3.27835
      20.5     1.40618     2.70077     3.10696
      21.5     1.36154     2.58471     2.94625
      22.5     1.32108     2.47478     2.79586
      23.5     1.28444     2.37094     2.65538
      24.5     1.25128     2.27308     2.52436
      25.5     1.22128     2.18104     2.40232
      26.5     1.19415     2.09464     2.28879
      27.5     1.16962     2.01367     2.18328
      28.5     1.14745     1.93789     2.08534
      29.5     1.12743     1.86706     1.99449
      30.5     1.10936     1.80094      1.9103
      31.5     1.09306     1.73927     1.83233
      32.5     1.07836     1.68183     1.76018
      33.5     1.06512     1.62835     1.69347
      34.5      1.0532     1.57862     1.63182
      35.5     1.04249      1.5324     1.57489
      36.5     1.03288     1.48947     1.52235
      37.5     1.02426     1.44964      1.4739
      38.5     1.01655      1.4127     1.42925
      39.5     1.00967     1.37846     1.38813
      40.5     1.00353     1.34675     1.35028
      41.5    0.998081     1.31739     1.31548
      42.5    0.993249     1.29024     1.28349
      43.5    0.988982     1.26513     1.25412
      44.5    0.985227     1.24194     1.22716
      45.5    0.981939     1.22052     1.20245
      46.5    0.979073     1.20075     1.17982
      47.5    0.976592     1.18251     1.15911
      48.5    0.974458     1.16571     1.14017
      49.5     0.97264     1.15023     1.12287
      50.5    0.971106     1.13598     1.10709
      51.5     0.96983     1.12287      1.0927
      52.5    0.968786     1.11082     1.07961
      53.5    0.967951     1.09975      1.0677
      54.5    0.967304     1.08959     1.05689
      55.5    0.966827     1.08026     1.04709
      56.5      0.9665     1.07171     1.03821
      57.5    0.966308     1.06389     1.03019
      58.5    0.966236     1.05672     1.02296
      59.5     0.96627     1.05017     1.01644
      60.5    0.966399     1.04418     1.01058
      61.5    0.966611     1.03871     1.00532
      62.5    0.966895     1.03373     1.00062
      63.5    0.967243     1.02918    0.996428
      64.5    0.967646     1.02505    0.992696
      65.5    0.968096     1.02129    0.989386
      66.5    0.968587     1.01787    0.986461
      67.5    0.969111     1.01478    0.983886
      68.5    0.969664     1.01197    0.981631
      69.5    0.970239     1.00943    0.979666
      70.5    0.970834     1.00713    0.977964
      71.5    0.971442     1.00506    0.976501
      72.5    0.972062     1.00319    0.975254
      73.5    0.972688     1.00151    0.974202
      74.5    0.973319     1.00001    0.973326
      75.5    0.973952    0.998657    0.972609
      76.5    0.974584     0.99745    0.972035
      77.5    0.975214    0.996375    0.971588
      78.5    0.975839    0.995418    0.971257
      79.5    0.976458     0.99457    0.971028
      80.5     0.97707    0.993821    0.970891
      81.5    0.977674    0.993162    0.970836
      82.5    0.978268    0.992585    0.970852
      83.5    0.978851    0.992081    0.970933
      84.5    0.979424    0.991645    0.971069
      85.5    0.979985     0.99127    0.971255
      86.5    0.980535     0.99095    0.971485
      87.5    0.981072     0.99068    0.971752
      88.5    0.981596    0.990455    0.972051
      89.5    0.982108     0.99027    0.972378
      90.5    0.982607    0.990122    0.972729
      91.5    0.983093    0.990007      0.9731
      92.5    0.983566    0.989922    0.973488
      93.5    0.984026    0.989863    0.973889
      94.5    0.984473    0.989828    0.974302
      95.5    0.984908    0.989815    0.974723
      96.5    0.985331     0.98982    0.975151
      97.5    0.985741    0.989843    0.975584
      98.5    0.986139     0.98988    0.976019
      99.5    0.986525    0.989931    0.976456
     100.5      0.9869    0.989993    0.976893
     101.5    0.987263    0.990066     0.97733
     102.5    0.987616    0.990148    0.977764
     103.5    0.987957    0.990238    0.978196
     104.5    0.988289    0.990335    0.978624
     105.5     0.98861    0.990438    0.979048
     106.5    0.988921    0.990547    0.979467
     107.5    0.989222    0.990659    0.979881
     108.5    0.989514    0.990775    0.980289
     109.5    0.989797    0.990895    0.980691
     110.5    0.990071    0.991017    0.981087
     111.5    0.990337     0.99114    0.981477
     112.5    0.990594    0.991266     0.98186
     113.5    0.990843    0.991393    0.982236
     114.5    0.991085     0.99152    0.982605
     115.5    0.991319    0.991648    0.982967
     116.5    0.991546    0.991776    0.983322
     117.5    0.991766    0.991905     0.98367
     118.5    0.991979    0.992033    0.984011
     119.5    0.992185     0.99216    0.984345
     120.5    0.992385    0.992287    0.984672
     121.5     0.99258    0.992413    0.984992
     122.5    0.992768    0.992538    0.985306
     123.5     0.99295    0.992662    0.985612
     124.5    0.993127    0.992785    0.985912
     125.5    0.993299    0.992906    0.986205
     126.5    0.993465    0.993026    0.986492
     127.5    0.993627    0.993145    0.986772
     128.5    0.993784    0.993262    0.987046
     129.5    0.993936    0.993378    0.987314
     130.5    0.994083    0.993492    0.987576
     131.5    0.994226    0.993605    0.987831
     132.5    0.994366    0.993716    0.988081
     133.5    0.994501    0.993825    0.988326
     134.5    0.994632    0.993933    0.988565
     135.5    0.994759    0.994039    0.988798
     136.5    0.994883    0.994143    0.989026
     137.5    0.995003    0.994246    0.989249
     138.5    0.995119    0.994347    0.989466
     139.5    0.995233    0.994446    0.989679
     140.5    0.995343    0.994543    0.989886
     141.5     0.99545    0.994639    0.990089
     142.5    0.995554    0.994733    0.990288
     143.5    0.995656    0.994826    0.990482
     144.5    0.995754    0.994917    0.990671
     145.5     0.99585    0.995006    0.990856
     146.5    0.995943    0.995094    0.991037
     147.5    0.996033     0.99518    0.991213
     148.5    0.996121    0.995264    0.991386
     149.5    0.996207    0.995347    0.991555
     150.5    0.996291    0.995429    0.991719
     151.5    0.996372    0.995509    0.991881
     152.5    0.996451    0.995587    0.992038
     153.5    0.996528    0.995664    0.992192
     154.5    0.996603     0.99574    0.992342
     155.5    0.996676    0.995814    0.992489
     156.5    0.996747    0.995887    0.992633
     157.5    0.996816    0.995958    0.992774
     158.5    0.996883    0.996028    0.992911
     159.5    0.996949    0.996097    0.993045
     160.5    0.997013    0.996164    0.993177
     161.5    0.997075     0.99623    0.993305
     162.5    0.997136    0.996295    0.993431
     163.5    0.997195    0.996358    0.993553
     164.5    0.997253    0.996421    0.993674
     165.5    0.997309    0.996482    0.993791
     166.5    0.997364    0.996542    0.993906
     167.5    0.997417    0.996601    0.994018
     168.5     0.99747    0.996659    0.994128
     169.5     0.99752    0.996715    0.994236
     170.5     0.99757    0.996771    0.994341
     171.5    0.997618    0.996825    0.994444
     172.5    0.997666    0.996879    0.994544
     173.5    0.997712    0.996931    0.994643
     174.5    0.997757    0.996982    0.994739
     175.5    0.997801    0.997033    0.994834
     176.5    0.997844    0.997082    0.994926
     177.5    0.997885    0.997131    0.995016
     178.5    0.997926    0.997178    0.995105
     179.5    0.997966    0.997225    0.995191
     180.5    0.998005    0.997271    0.995276
     181.5    0.998043    0.997316    0.995359
     182.5     0.99808     0.99736     0.99544
     183.5    0.998116    0.997403     0.99552
     184.5    0.998152    0.997446    0.995597
     185.5    0.998187    0.997487    0.995674
     186.5     0.99822    0.997528    0.995748
     187.5    0.998253    0.997568    0.995821
     188.5    0.998286    0.997607    0.995893
     189.5    0.998317    0.997646    0.995963
     190.5    0.998348    0.997684    0.996032
     191.5    0.998378    0.997721    0.996099
     192.5    0.998408    0.997757    0.996165
     193.5    0.998437    0.997793     0.99623
     194.5    0.998465    0.997828    0.996293
     195.5    0.998492    0.997863    0.996355
     196.5    0.998519    0.997896    0.996416
     197.5    0.998546    0.997929    0.996475
     198.5    0.998572    0.997962    0.996534
     199.5    0.998597    0.997994    0.996591
