       0.5     4.04015     5.11323     8.15338
       1.5     3.99771     5.09105     8.08876
       2.5     3.91591     5.04727     7.96318
       3.5     3.80034     4.98299     7.78333
       4.5     3.65824      4.8998     7.55805
       5.5     3.49748     4.79968     7.29716
       6.5     3.32563     4.68486     7.01049
       7.5     3.14936     4.55773      6.7071
       8.5     2.97411     4.42076     6.39487
       9.5     2.80397     4.27635     6.08032
      10.5     2.64177      4.1268     5.76858
      11.5     2.48932     3.97424     5.46356
      12.5     2.34756     3.82055     5.16811
      13.5     2.21684      3.6674     4.88424
      14.5     2.09703     3.51621     4.61324
      15.5     1.98774     3.36814     4.35588
      16.5     1.88839     3.22413     4.11252
      17.5     1.79829     3.08493     3.88321
      18.5     1.71672     2.95107     3.66778
      19.5     1.64295     2.82293     3.46589
      20.5      1.5763     2.70077     3.27708
      21.5      1.5161     2.58471     3.10081
      22.5     1.46174     2.47478     2.93652
      23.5     1.41265     2.37094     2.78359
      24.5     1.36831     2.27308     2.64139
      25.5     1.32827     2.18104     2.50931
      26.5      1.2921     2.09464     2.38674
      27.5     1.25942     2.01367     2.27308
      28.5     1.22989     1.93789     2.16777
      29.5     1.20321     1.86706     2.07026
      30.5      1.1791     1.80094     1.98003
      31.5     1.15731     1.73927     1.89658
      32.5     1.13763     1.68183     1.81945
      33.5     1.11985     1.62835      1.7482
      34.5      1.1038     1.57862     1.68242
      35.5     1.08932      1.5324     1.62172
      36.5     1.07626     1.48947     1.56573
      37.5     1.06448     1.44964     1.51412
      38.5     1.05388      1.4127     1.46658
      39.5     1.04435     1.37846     1.42281
      40.5     1.03578     1.34675     1.38253
      41.5     1.02809     1.31739     1.34548
      42.5      1.0212     1.29024     1.31144
      43.5     1.01504     1.26513     1.28017
      44.5     1.00954     1.24194     1.25148
      45.5     1.00464     1.22052     1.22516
      46.5     1.00029     1.20075     1.20104
      47.5    0.996438     1.18251     1.17895
      48.5    0.993036     1.16571     1.15875
      49.5    0.990043     1.15023     1.14027
      50.5    0.987421     1.13598      1.1234
      51.5    0.985137     1.12287     1.10801
      52.5    0.983157     1.11082     1.09398
      53.5    0.981454     1.09975      1.0812
      54.5        0.98     1.08959     1.06959
      55.5    0.978772     1.08026     1.05903
      56.5    0.977746     1.07171     1.04946
      57.5    0.976904     1.06389     1.04079
      58.5    0.976225     1.05672     1.03294
      59.5    0.975693     1.05017     1.02586
      60.5    0.975294     1.04418     1.01947
      61.5    0.975011     1.03871     1.01372
      62.5    0.974834     1.03373     1.00856
      63.5    0.974749     1.02918     1.00393
      64.5    0.974746     1.02505    0.999796
      65.5    0.974816     1.02129    0.996105
      66.5    0.974949     1.01787    0.992823
      67.5    0.975138     1.01478    0.989914
      68.5    0.975376     1.01197    0.987343
      69.5    0.975655     1.00943    0.985081
      70.5    0.975969     1.00713      0.9831
      71.5    0.976315     1.00506    0.981373
      72.5    0.976685     1.00319    0.979877
      73.5    0.977077     1.00151    0.978591
      74.5    0.977486     1.00001    0.977493
      75.5    0.977909    0.998657    0.976566
      76.5    0.978343     0.99745    0.975793
      77.5    0.978784    0.996375    0.975159
      78.5    0.979231    0.995418     0.97465
      79.5    0.979682     0.99457    0.974252
      80.5    0.980133    0.993821    0.973954
      81.5    0.980584    0.993162    0.973746
      82.5    0.981034    0.992585    0.973618
      83.5     0.98148    0.992081    0.973561
      84.5    0.981922    0.991645    0.973567
      85.5    0.982359     0.99127    0.973628
      86.5    0.982789     0.99095    0.973739
      87.5    0.983213     0.99068    0.973893
      88.5     0.98363    0.990455    0.974085
      89.5    0.984039     0.99027    0.974309
      90.5     0.98444    0.990122    0.974562
      91.5    0.984833    0.990007     0.97484
      92.5    0.985217    0.989922    0.975139
      93.5    0.985592    0.989863    0.975455
      94.5    0.985958    0.989828    0.975786
      95.5    0.986315    0.989815     0.97613
      96.5    0.986663     0.98982    0.976484
      97.5    0.987003    0.989843    0.976845
      98.5    0.987333     0.98988    0.977213
      99.5    0.987654    0.989931    0.977585
     100.5    0.987967    0.989993    0.977961
     101.5    0.988272    0.990066    0.978338
     102.5    0.988567    0.990148    0.978716
     103.5    0.988855    0.990238    0.979093
     104.5    0.989134    0.990335     0.97947
     105.5    0.989406    0.990438    0.979844
     106.5     0.98967    0.990547    0.980216
     107.5    0.989926    0.990659    0.980585
     108.5    0.990174    0.990775     0.98095
     109.5    0.990416    0.990895    0.981311
     110.5    0.990651    0.991017    0.981667
     111.5    0.990878     0.99114    0.982019
     112.5      0.9911    0.991266    0.982366
     113.5    0.991314    0.991393    0.982707
     114.5    0.991523     0.99152    0.983043
     115.5    0.991726    0.991648    0.983374
     116.5    0.991922    0.991776    0.983699
     117.5    0.992113    0.991905    0.984018
     118.5    0.992299    0.992033    0.984331
     119.5    0.992479     0.99216    0.984639
     120.5    0.992654    0.992287    0.984941
     121.5    0.992824    0.992413    0.985237
     122.5     0.99299    0.992538    0.985527
     123.5     0.99315    0.992662    0.985812
     124.5    0.993306    0.992785    0.986091
     125.5    0.993458    0.992906    0.986364
     126.5    0.993606    0.993026    0.986632
     127.5    0.993749    0.993145    0.986894
     128.5    0.993889    0.993262    0.987151
     129.5    0.994024    0.993378    0.987402
     130.5    0.994156    0.993492    0.987648
     131.5    0.994284    0.993605    0.987889
     132.5    0.994409    0.993716    0.988125
     133.5    0.994531    0.993825    0.988356
     134.5    0.994649    0.993933    0.988582
     135.5    0.994764    0.994039    0.988803
     136.5    0.994876    0.994143    0.989019
     137.5    0.994985    0.994246    0.989231
     138.5    0.995091    0.994347    0.989438
     139.5    0.995195    0.994446    0.989641
     140.5    0.995295    0.994543    0.989839
     141.5    0.995393    0.994639    0.990033
     142.5    0.995489    0.994733    0.990223
     143.5    0.995582    0.994826    0.990408
     144.5    0.995673    0.994917     0.99059
     145.5    0.995761    0.995006    0.990768
     146.5    0.995848    0.995094    0.990942
     147.5    0.995932     0.99518    0.991112
     148.5    0.996014    0.995264    0.991278
     149.5    0.996094    0.995347    0.991441
     150.5    0.996172    0.995429    0.991601
     151.5    0.996248    0.995509    0.991757
     152.5    0.996322    0.995587    0.991909
     153.5    0.996394    0.995664    0.992059
     154.5    0.996465     0.99574    0.992205
     155.5    0.996534    0.995814    0.992348
     156.5    0.996601    0.995887    0.992488
     157.5    0.996667    0.995958    0.992625
     158.5    0.996731    0.996028    0.992759
     159.5    0.996793    0.996097     0.99289
     160.5    0.996855    0.996164    0.993019
     161.5    0.996914     0.99623    0.993144
     162.5    0.996973    0.996295    0.993267
     163.5     0.99703    0.996358    0.993388
     164.5    0.997085    0.996421    0.993506
     165.5    0.997139    0.996482    0.993621
     166.5    0.997193    0.996542    0.993735
     167.5    0.997244    0.996601    0.993845
     168.5    0.997295    0.996659    0.993954
     169.5    0.997345    0.996715     0.99406
     170.5    0.997393    0.996771    0.994164
     171.5    0.997441    0.996825    0.994266
     172.5    0.997487    0.996879    0.994366
     173.5    0.997532    0.996931    0.994463
     174.5    0.997576    0.996982    0.994559
     175.5     0.99762    0.997033    0.994653
     176.5    0.997662    0.997082    0.994744
     177.5    0.997704    0.997131    0.994834
     178.5    0.997744    0.997178    0.994922
     179.5    0.997784    0.997225    0.995009
     180.5    0.997823    0.997271    0.995093
     181.5     0.99786    0.997316    0.995176
     182.5    0.997898     0.99736    0.995258
     183.5    0.997934    0.997403    0.995337
     184.5     0.99797    0.997446    0.995415
     185.5    0.998004    0.997487    0.995492
     186.5    0.998039    0.997528    0.995567
     187.5    0.998072    0.997568     0.99564
     188.5    0.998105    0.997607    0.995712
     189.5    0.998137    0.997646    0.995783
     190.5    0.998168    0.997684    0.995852
     191.5    0.998199    0.997721     0.99592
     192.5    0.998229    0.997757    0.995986
     193.5    0.998258    0.997793    0.996051
     194.5    0.998287    0.997828    0.996115
     195.5    0.998315    0.997863    0.996178
     196.5    0.998343    0.997896    0.996239
     197.5     0.99837    0.997929      0.9963
     198.5    0.998397    0.997962    0.996359
     199.5    0.998423    0.997994    0.996417
