       0.5     3.07113     15.6476     17.7187
       1.5     3.04502     15.3648     17.4098
       2.5     2.99446     14.8288     16.8233
       3.5     2.92249     14.0917     16.0142
       4.5     2.83313     13.2159      15.049
       5.5     2.73088     12.2636     13.9944
       6.5     2.62017     11.2881     12.9082
       7.5     2.50511     10.3302     11.8353
       8.5     2.38916     9.41799     10.8071
       9.5     2.27507     8.56816     9.84323
      10.5      2.1649     7.78891     8.95381
      11.5     2.06009     7.08233     8.14242
      12.5     1.96151     6.44659      7.4081
      13.5     1.86965     5.87751     6.74716
      14.5     1.78464     5.36974     6.15438
      15.5     1.70641     4.91748     5.62389
      16.5     1.63473     4.51496     5.14969
      17.5     1.56927      4.1567     4.72597
      18.5     1.50963     3.83766     4.34729
      19.5     1.45541     3.55327     4.00868
      20.5     1.40618     3.29946     3.70565
      21.5     1.36154     3.07264     3.43418
      22.5     1.32108     2.86965     3.19073
      23.5     1.28444     2.68771     2.97215
      24.5     1.25128      2.5244     2.77568
      25.5     1.22128     2.37759     2.59887
      26.5     1.19415     2.24544     2.43958
      27.5     1.16962     2.12631     2.29593
      28.5     1.14745      2.0188     2.16625
      29.5     1.12743     1.92165     2.04908
      30.5     1.10936     1.83377     1.94314
      31.5     1.09306     1.75421     1.84726
      32.5     1.07836     1.68209     1.76045
      33.5     1.06512     1.61669      1.6818
      34.5      1.0532     1.55732     1.61052
      35.5     1.04249      1.5034      1.5459
      36.5     1.03288      1.4544     1.48729
      37.5     1.02426     1.40986     1.43413
      38.5     1.01655     1.36935     1.38591
      39.5     1.00967      1.3325     1.34217
      40.5     1.00353     1.29897     1.30251
      41.5    0.998081     1.26846     1.26654
      42.5    0.993249      1.2407     1.23395
      43.5    0.988982     1.21543     1.20441
      44.5    0.985227     1.19244     1.17767
      45.5    0.981939     1.17153     1.15347
      46.5    0.979073     1.15252     1.13159
      47.5    0.976592     1.13523     1.11182
      48.5    0.974458     1.11951     1.09397
      49.5     0.97264     1.10524     1.07788
      50.5    0.971106     1.09229     1.06339
      51.5     0.96983     1.08053     1.05036
      52.5    0.968786     1.06988     1.03866
      53.5    0.967951     1.06022     1.02818
      54.5    0.967304     1.05149     1.01879
      55.5    0.966827     1.04359     1.01042
      56.5      0.9665     1.03646     1.00296
      57.5    0.966308     1.03002    0.996329
      58.5    0.966236     1.02422    0.990459
      59.5     0.96627     1.01901    0.985278
      60.5    0.966399     1.01432    0.980722
      61.5    0.966611     1.01012    0.976732
      62.5    0.966895     1.00636    0.973257
      63.5    0.967243       1.003    0.970246
      64.5    0.967646     1.00001    0.967657
      65.5    0.968096     0.99735    0.965447
      66.5    0.968587    0.994993    0.963579
      67.5    0.969111     0.99291    0.962021
      68.5    0.969664    0.991076     0.96074
      69.5    0.970239    0.989469    0.959708
      70.5    0.970834    0.988066    0.958899
      71.5    0.971442    0.986848    0.958291
      72.5    0.972062    0.985798     0.95786
      73.5    0.972688    0.984899    0.957588
      74.5    0.973319    0.984137    0.957456
      75.5    0.973952    0.983497    0.957449
      76.5    0.974584    0.982968    0.957552
      77.5    0.975214    0.982538    0.957752
      78.5    0.975839    0.982197    0.958036
      79.5    0.976458    0.981936    0.958394
      80.5     0.97707    0.981746    0.958816
      81.5    0.977674    0.981619    0.959293
      82.5    0.978268    0.981549    0.959816
      83.5    0.978851    0.981528    0.960379
      84.5    0.979424    0.981552    0.960976
      85.5    0.979985    0.981614      0.9616
      86.5    0.980535    0.981711    0.962246
      87.5    0.981072    0.981838     0.96291
      88.5    0.981596    0.981991    0.963588
      89.5    0.982108    0.982167    0.964275
      90.5    0.982607    0.982362    0.964969
      91.5    0.983093    0.982574    0.965667
      92.5    0.983566      0.9828    0.966366
      93.5    0.984026    0.983038    0.967064
      94.5    0.984473    0.983286    0.967759
      95.5    0.984908    0.983542     0.96845
      96.5    0.985331    0.983804    0.969135
      97.5    0.985741    0.984072    0.969812
      98.5    0.986139    0.984343    0.970482
      99.5    0.986525    0.984616    0.971142
     100.5      0.9869    0.984892    0.971792
     101.5    0.987263    0.985168    0.972431
     102.5    0.987616    0.985443    0.973059
     103.5    0.987957    0.985718    0.973676
     104.5    0.988289    0.985992    0.974281
     105.5     0.98861    0.986264    0.974873
     106.5    0.988921    0.986533    0.975454
     107.5    0.989222      0.9868    0.976022
     108.5    0.989514    0.987064    0.976577
     109.5    0.989797    0.987324    0.977121
     110.5    0.990071     0.98758    0.977651
     111.5    0.990337    0.987833     0.97817
     112.5    0.990594    0.988082    0.978676
     113.5    0.990843    0.988327     0.97917
     114.5    0.991085    0.988567    0.979652
     115.5    0.991319    0.988804    0.980123
     116.5    0.991546    0.989036    0.980581
     117.5    0.991766    0.989263    0.981029
     118.5    0.991979    0.989486    0.981465
     119.5    0.992185    0.989705     0.98189
     120.5    0.992385    0.989919    0.982305
     121.5     0.99258    0.990129    0.982709
     122.5    0.992768    0.990335    0.983103
     123.5     0.99295    0.990536    0.983486
     124.5    0.993127    0.990733     0.98386
     125.5    0.993299    0.990926    0.984225
     126.5    0.993465    0.991114     0.98458
     127.5    0.993627    0.991299    0.984926
     128.5    0.993784    0.991479    0.985263
     129.5    0.993936    0.991656    0.985591
     130.5    0.994083    0.991828    0.985911
     131.5    0.994226    0.991997    0.986223
     132.5    0.994366    0.992161    0.986527
     133.5    0.994501    0.992322    0.986823
     134.5    0.994632     0.99248    0.987111
     135.5    0.994759    0.992634    0.987393
     136.5    0.994883    0.992784    0.987667
     137.5    0.995003    0.992931    0.987934
     138.5    0.995119    0.993075    0.988194
     139.5    0.995233    0.993215    0.988448
     140.5    0.995343    0.993352    0.988695
     141.5     0.99545    0.993486    0.988936
     142.5    0.995554    0.993617    0.989171
     143.5    0.995656    0.993745      0.9894
     144.5    0.995754     0.99387    0.989624
     145.5     0.99585    0.993992    0.989842
     146.5    0.995943    0.994111    0.990054
     147.5    0.996033    0.994228    0.990261
     148.5    0.996121    0.994342    0.990463
     149.5    0.996207    0.994453     0.99066
     150.5    0.996291    0.994562    0.990853
     151.5    0.996372    0.994669     0.99104
     152.5    0.996451    0.994773    0.991223
     153.5    0.996528    0.994874    0.991402
     154.5    0.996603    0.994973    0.991576
     155.5    0.996676    0.995071    0.991746
     156.5    0.996747    0.995165    0.991912
     157.5    0.996816    0.995258    0.992074
     158.5    0.996883    0.995349    0.992232
     159.5    0.996949    0.995438    0.992386
     160.5    0.997013    0.995524    0.992537
     161.5    0.997075    0.995609    0.992684
     162.5    0.997136    0.995692    0.992828
     163.5    0.997195    0.995773    0.992968
     164.5    0.997253    0.995852    0.993105
     165.5    0.997309     0.99593    0.993239
     166.5    0.997364    0.996006    0.993369
     167.5    0.997417     0.99608    0.993497
     168.5     0.99747    0.996152    0.993622
     169.5     0.99752    0.996223    0.993743
     170.5     0.99757    0.996292    0.993863
     171.5    0.997618     0.99636    0.993979
     172.5    0.997666    0.996427    0.994092
     173.5    0.997712    0.996492    0.994203
     174.5    0.997757    0.996555    0.994312
     175.5    0.997801    0.996617    0.994418
     176.5    0.997844    0.996678    0.994522
     177.5    0.997885    0.996738    0.994623
     178.5    0.997926    0.996796    0.994722
     179.5    0.997966    0.996853    0.994819
     180.5    0.998005    0.996909    0.994914
     181.5    0.998043    0.996964    0.995007
     182.5     0.99808    0.997017    0.995097
     183.5    0.998116     0.99707    0.995186
     184.5    0.998152    0.997121    0.995273
     185.5    0.998187    0.997171    0.995358
     186.5     0.99822     0.99722    0.995441
     187.5    0.998253    0.997268    0.995522
     188.5    0.998286    0.997315    0.995601
     189.5    0.998317    0.997362    0.995679
     190.5    0.998348    0.997407    0.995755
     191.5    0.998378    0.997451    0.995829
     192.5    0.998408    0.997494    0.995902
     193.5    0.998437    0.997537    0.995974
     194.5    0.998465    0.997579    0.996043
     195.5    0.998492    0.997619    0.996112
     196.5    0.998519    0.997659    0.996179
     197.5    0.998546    0.997698    0.996244
     198.5    0.998572    0.997737    0.996308
     199.5    0.998597    0.997774    0.996371
