       0.5     4.04015     7.79535     10.8355
       1.5     3.99771     7.73353     10.7312
       2.5     3.91591      7.6128     10.5287
       3.5     3.80034     7.43863      10.239
       4.5     3.65824     7.21851     9.87676
       5.5     3.49748     6.96114     9.45862
       6.5     3.32563     6.67571     9.00134
       7.5     3.14936     6.37121     8.52058
       8.5     2.97411     6.05591     8.03003
       9.5     2.80397     5.73703       7.541
      10.5     2.64177     5.42056     7.06233
      11.5     2.48932     5.11124     6.60056
      12.5     2.34756     4.81264      6.1602
      13.5     2.21684     4.52729     5.74413
      14.5     2.09703     4.25683     5.35386
      15.5     1.98774     4.00218     4.98992
      16.5     1.88839     3.76371      4.6521
      17.5     1.79829     3.54137     4.33965
      18.5     1.71672     3.33477     4.05149
      19.5     1.64295     3.14334      3.7863
      20.5      1.5763     2.96636     3.54267
      21.5      1.5161     2.80302     3.31912
      22.5     1.46174     2.65247     3.11421
      23.5     1.41265     2.51385      2.9265
      24.5     1.36831     2.38633     2.75464
      25.5     1.32827     2.26908     2.59735
      26.5      1.2921     2.16132     2.45342
      27.5     1.25942     2.06232     2.32174
      28.5     1.22989     1.97139     2.20128
      29.5     1.20321     1.88789     2.09109
      30.5      1.1791     1.81121      1.9903
      31.5     1.15731      1.7408     1.89811
      32.5     1.13763     1.67617      1.8138
      33.5     1.11985     1.61683     1.73668
      34.5      1.1038     1.56236     1.66616
      35.5     1.08932     1.51237     1.60169
      36.5     1.07626     1.46648     1.54274
      37.5     1.06448     1.42437     1.48886
      38.5     1.05388     1.38573     1.43962
      39.5     1.04435     1.35029     1.39463
      40.5     1.03578     1.31777     1.35355
      41.5     1.02809     1.28796     1.31605
      42.5      1.0212     1.26063     1.28183
      43.5     1.01504     1.23557     1.25061
      44.5     1.00954     1.21262     1.22216
      45.5     1.00464      1.1916     1.19624
      46.5     1.00029     1.17236     1.17265
      47.5    0.996438     1.15475     1.15119
      48.5    0.993036     1.13864     1.13168
      49.5    0.990043     1.12392     1.11396
      50.5    0.987421     1.11047     1.09789
      51.5    0.985137     1.09819     1.08333
      52.5    0.983157     1.08698     1.07014
      53.5    0.981454     1.07677     1.05822
      54.5        0.98     1.06746     1.04746
      55.5    0.978772     1.05899     1.03776
      56.5    0.977746     1.05128     1.02903
      57.5    0.976904     1.04428     1.02118
      58.5    0.976225     1.03792     1.01415
      59.5    0.975693     1.03216     1.00785
      60.5    0.975294     1.02694     1.00223
      61.5    0.975011     1.02222     0.99723
      62.5    0.974834     1.01795    0.992787
      63.5    0.974749     1.01411    0.988854
      64.5    0.974746     1.01064    0.985386
      65.5    0.974816     1.00752     0.98234
      66.5    0.974949     1.00473    0.979677
      67.5    0.975138     1.00222    0.977361
      68.5    0.975376    0.999983    0.975359
      69.5    0.975655    0.997987    0.973642
      70.5    0.975969    0.996212    0.972181
      71.5    0.976315    0.994637    0.970952
      72.5    0.976685    0.993246    0.969932
      73.5    0.977077    0.992021    0.969099
      74.5    0.977486    0.990948    0.968434
      75.5    0.977909    0.990011     0.96792
      76.5    0.978343    0.989198    0.967541
      77.5    0.978784    0.988497    0.967282
      78.5    0.979231    0.987898     0.96713
      79.5    0.979682    0.987391    0.967073
      80.5    0.980133    0.986966    0.967099
      81.5    0.980584    0.986616      0.9672
      82.5    0.981034    0.986333    0.967366
      83.5     0.98148    0.986109    0.967589
      84.5    0.981922     0.98594    0.967862
      85.5    0.982359    0.985818    0.968177
      86.5    0.982789     0.98574    0.968529
      87.5    0.983213      0.9857    0.968913
      88.5     0.98363    0.985694    0.969324
      89.5    0.984039    0.985718    0.969758
      90.5     0.98444    0.985769    0.970209
      91.5    0.984833    0.985844    0.970676
      92.5    0.985217    0.985939    0.971155
      93.5    0.985592    0.986052    0.971644
      94.5    0.985958    0.986181    0.972139
      95.5    0.986315    0.986323    0.972638
      96.5    0.986663    0.986478    0.973141
      97.5    0.987003    0.986642    0.973644
      98.5    0.987333    0.986815    0.974147
      99.5    0.987654    0.986994    0.974649
     100.5    0.987967     0.98718    0.975147
     101.5    0.988272     0.98737    0.975642
     102.5    0.988567    0.987565    0.976132
     103.5    0.988855    0.987762    0.976617
     104.5    0.989134    0.987961    0.977095
     105.5    0.989406    0.988162    0.977567
     106.5     0.98967    0.988363    0.978032
     107.5    0.989926    0.988564     0.97849
     108.5    0.990174    0.988766     0.97894
     109.5    0.990416    0.988967    0.979383
     110.5    0.990651    0.989166    0.979817
     111.5    0.990878    0.989364    0.980243
     112.5      0.9911    0.989561    0.980661
     113.5    0.991314    0.989756     0.98107
     114.5    0.991523    0.989948    0.981471
     115.5    0.991726    0.990139    0.981864
     116.5    0.991922    0.990327    0.982249
     117.5    0.992113    0.990512    0.982625
     118.5    0.992299    0.990694    0.982993
     119.5    0.992479    0.990874    0.983353
     120.5    0.992654    0.991051    0.983705
     121.5    0.992824    0.991225     0.98405
     122.5     0.99299    0.991396    0.984386
     123.5     0.99315    0.991564    0.984715
     124.5    0.993306     0.99173    0.985036
     125.5    0.993458    0.991892     0.98535
     126.5    0.993606    0.992051    0.985656
     127.5    0.993749    0.992207    0.985956
     128.5    0.993889     0.99236    0.986248
     129.5    0.994024     0.99251    0.986534
     130.5    0.994156    0.992657    0.986813
     131.5    0.994284    0.992801    0.987086
     132.5    0.994409    0.992943    0.987352
     133.5    0.994531    0.993081    0.987612
     134.5    0.994649    0.993217    0.987866
     135.5    0.994764     0.99335    0.988114
     136.5    0.994876     0.99348    0.988356
     137.5    0.994985    0.993607    0.988592
     138.5    0.995091    0.993732    0.988823
     139.5    0.995195    0.993854    0.989049
     140.5    0.995295    0.993974    0.989269
     141.5    0.995393    0.994091    0.989484
     142.5    0.995489    0.994205    0.989694
     143.5    0.995582    0.994317    0.989899
     144.5    0.995673    0.994427      0.9901
     145.5    0.995761    0.994534    0.990296
     146.5    0.995848    0.994639    0.990487
     147.5    0.995932    0.994742    0.990674
     148.5    0.996014    0.994843    0.990856
     149.5    0.996094    0.994941    0.991035
     150.5    0.996172    0.995037    0.991209
     151.5    0.996248    0.995132    0.991379
     152.5    0.996322    0.995224    0.991546
     153.5    0.996394    0.995314    0.991709
     154.5    0.996465    0.995403    0.991868
     155.5    0.996534    0.995489    0.992023
     156.5    0.996601    0.995574    0.992175
     157.5    0.996667    0.995656    0.992323
     158.5    0.996731    0.995737    0.992468
     159.5    0.996793    0.995817     0.99261
     160.5    0.996855    0.995894    0.992749
     161.5    0.996914     0.99597    0.992884
     162.5    0.996973    0.996044    0.993017
     163.5     0.99703    0.996117    0.993147
     164.5    0.997085    0.996188    0.993273
     165.5    0.997139    0.996258    0.993397
     166.5    0.997193    0.996326    0.993519
     167.5    0.997244    0.996393    0.993637
     168.5    0.997295    0.996458    0.993753
     169.5    0.997345    0.996522    0.993867
     170.5    0.997393    0.996585    0.993978
     171.5    0.997441    0.996646    0.994086
     172.5    0.997487    0.996706    0.994193
     173.5    0.997532    0.996765    0.994297
     174.5    0.997576    0.996822    0.994399
     175.5     0.99762    0.996878    0.994498
     176.5    0.997662    0.996934    0.994596
     177.5    0.997704    0.996988    0.994691
     178.5    0.997744     0.99704    0.994784
     179.5    0.997784    0.997092    0.994876
     180.5    0.997823    0.997143    0.994965
     181.5     0.99786    0.997193    0.995053
     182.5    0.997898    0.997241    0.995139
     183.5    0.997934    0.997289    0.995223
     184.5     0.99797    0.997335    0.995305
     185.5    0.998004    0.997381    0.995386
     186.5    0.998039    0.997426    0.995465
     187.5    0.998072     0.99747    0.995542
     188.5    0.998105    0.997513    0.995618
     189.5    0.998137    0.997555    0.995692
     190.5    0.998168    0.997596    0.995764
     191.5    0.998199    0.997637    0.995835
     192.5    0.998229    0.997676    0.995905
     193.5    0.998258    0.997715    0.995973
     194.5    0.998287    0.997753     0.99604
     195.5    0.998315    0.997791    0.996106
     196.5    0.998343    0.997827     0.99617
     197.5     0.99837    0.997863    0.996233
     198.5    0.998397    0.997898    0.996295
     199.5    0.998423    0.997933    0.996356
