0.0025 13.77 9.38525
0.0075 11.351 2.76813
0.0125 6.47861 1.01801
0.0175 3.35661 0.421012
0.0225 2.68653 0.277061
0.0275 2.28014 0.207361
0.0325 1.72021 0.14243
0.0375 1.28941 0.104223
0.0425 1.1905 0.0904247
0.0475 1.1882 0.0791351
0.0525 1.1829 0.0735489
0.0575 0.965251 0.0598427
0.0625 0.998499 0.0569587
0.0675 1.06993 0.055378
0.0725 1.00264 0.0498482
0.0775 0.947038 0.0453453
0.0825 1.0326 0.0450684
0.0875 0.983837 0.0415544
0.0925 0.948888 0.0388571
0.0975 0.950284 0.0372614
0.1025 1.03249 0.0375295
0.1075 1.04086 0.0363446
0.1125 1.00453 0.0341711
0.1175 0.99968 0.0331756
0.1225 1.01803 0.0322775
0.1275 1.00162 0.0310492
0.1325 1.02829 0.0306661
0.1375 0.998241 0.0293673
0.1425 1.00473 0.0286486
0.1475 1.0307 0.0286676
0.1525 0.979753 0.0269357
0.1575 1.02772 0.0271418
0.1625 0.974856 0.0259192
0.1675 1.02746 0.0261914
0.1725 0.994379 0.0250415
0.1775 1.01659 0.024863
0.1825 0.986393 0.0240735
0.1875 1.00261 0.0240485
0.1925 0.984486 0.0232982
0.1975 1.01293 0.0234872
0.2025 0.998867 0.0229266
0.2075 0.97862 0.0223208
0.2125 0.999011 0.0222986
0.2175 1.00257 0.0220574
0.2225 1.00807 0.0219584
0.2275 1.02819 0.0220283
0.2325 1.01037 0.0215128
0.2375 1.00056 0.0211677
0.2425 1.00213 0.0209399
0.2475 0.979707 0.0204415
0.2525 1.00682 0.020629
0.2575 1.03453 0.0209055
0.2625 1.00953 0.020335
0.2675 1.01186 0.020239
0.2725 1.02477 0.0202067
0.2775 1.04438 0.0204579
0.2825 1.00858 0.0197365
0.2875 1.02937 0.0199187
0.2925 1.00682 0.0195277
0.2975 1.01392 0.0194152
0.3025 1.00831 0.0192759
0.3075 1.02195 0.0194111
0.3125 1.00345 0.0190061
0.3175 1.01701 0.019104
0.3225 0.999735 0.0187594
0.3275 1.03942 0.0191998
0.3325 0.999229 0.0185125
0.3375 0.999422 0.0184857
0.3425 1.00581 0.0185204
0.3475 0.994924 0.0182924
0.3525 0.966711 0.0178712
0.3575 1.01695 0.0184145
0.3625 1.01822 0.0183544
0.3675 0.982565 0.0178746
0.3725 1.01796 0.0182531
0.3775 1.01777 0.0181976
0.3825 0.999995 0.0179253
0.3875 1.00889 0.0179809
0.3925 0.976085 0.0174776
0.3975 1.01026 0.0179101
0.4025 1.00895 0.0178161
0.4075 1.01228 0.0178242
0.4125 1.01452 0.0177931
0.4175 0.995762 0.0175318
0.4225 0.999069 0.0175202
0.4275 1.0113 0.0176262
0.4325 0.984932 0.0172618
0.4375 1.01158 0.0175843
0.4425 0.983346 0.0171725
0.4475 0.995646 0.0173106
0.4525 0.986768 0.0171387
0.4575 0.995488 0.0172371
0.4625 0.982671 0.0170485
0.4675 0.992369 0.0171269
0.4725 1.004 0.0172837
0.4775 1.01593 0.0173807
0.4825 0.962926 0.0167052
0.4875 0.995227 0.0170694
0.4925 1.00048 0.017118
0.4975 0.974848 0.0167442
0.5025 1.00554 0.017124
0.5075 0.984342 0.0168088
0.5125 0.988067 0.0168479
0.5175 1.00047 0.01697
0.5225 0.999282 0.0169265
0.5275 0.980106 0.0166787
0.5325 0.987802 0.0167519
0.5375 0.988344 0.0167345
0.5425 0.969307 0.0164798
0.5475 0.983311 0.0166251
0.5525 0.969358 0.0164393
0.5575 0.985489 0.0166218
0.5625 0.977983 0.0164999
0.5675 0.988821 0.0166072
0.5725 0.964638 0.0162735
0.5775 0.974465 0.0163929
0.5825 0.987218 0.0165384
0.5875 0.980032 0.0164291
0.5925 0.981652 0.0164075
0.5975 0.957134 0.016094
0.6025 0.987035 0.0164505
0.6075 0.970175 0.0162182
0.6125 0.971387 0.0162067
0.6175 0.974057 0.0162532
0.6225 0.975618 0.0162524
0.6275 0.979915 0.0162655
0.6325 0.978993 0.0162114
0.6375 0.975274 0.016194
0.6425 0.976106 0.016174
0.6475 0.979618 0.0161833
0.6525 0.960561 0.0159393
0.6575 0.964793 0.0159699
0.6625 0.954856 0.0158351
0.6675 0.971349 0.0159888
0.6725 0.967936 0.0159586
0.6775 0.97667 0.016036
0.6825 0.994563 0.0162366
0.6875 0.984907 0.016118
0.6925 0.954121 0.0157294
0.6975 0.968336 0.0159086
0.7025 0.980378 0.0160109
0.7075 0.97048 0.0158636
0.7125 0.971221 0.0158727
0.7175 0.966842 0.0157874
0.7225 0.961172 0.0157301
0.7275 0.982454 0.0159604
0.7325 0.95932 0.0156797
0.7375 0.952858 0.0155665
0.7425 0.964984 0.0157243
0.7475 0.988943 0.0159817
0.7525 0.980639 0.0158766
0.7575 0.961349 0.0156405
0.7625 0.977263 0.0158264
0.7675 0.941761 0.0153742
0.7725 0.96713 0.0156876
0.7775 0.954226 0.0155226
0.7825 0.966339 0.0156516
0.7875 0.956447 0.015528
0.7925 0.954477 0.0154874
0.7975 0.95708 0.0155416
0.8025 0.949277 0.0154162
0.8075 0.971676 0.0157018
0.8125 0.968886 0.015678
0.8175 0.925724 0.0151148
0.8225 0.969427 0.0156793
0.8275 0.944132 0.0153371
0.8325 0.938076 0.0152807
0.8375 0.95062 0.0154223
0.8425 0.961553 0.0155642
0.8475 0.964108 0.0155945
0.8525 0.957395 0.0155299
0.8575 0.944574 0.0153789
0.8625 0.929846 0.0152003
0.8675 0.947524 0.0154268
0.8725 0.953841 0.0155183
0.8775 0.956549 0.0155336
0.8825 0.949184 0.0154853
0.8875 0.974787 0.0157844
0.8925 0.931581 0.0152943
0.8975 0.967973 0.0157383
0.9025 0.942794 0.0154321
0.9075 0.939962 0.0154304
0.9125 0.944309 0.0154837
0.9175 0.931215 0.0153675
0.9225 0.945986 0.0155204
0.9275 0.950156 0.0156253
0.9325 0.977225 0.0159935
0.9375 0.948919 0.0156502
0.9425 0.94874 0.0156701
0.9475 0.937633 0.015544
0.9525 0.921348 0.0153829
0.9575 0.960792 0.0158806
0.9625 0.948946 0.0157782
0.9675 0.960239 0.0159364
0.9725 0.939876 0.0157184
0.9775 0.93187 0.0156526
0.9825 0.939933 0.0157677
0.9875 0.941403 0.0158476
0.9925 0.936628 0.0158074
0.9975 0.920257 0.0156287
1.0025 0.96184 0.0161793
1.0075 0.942182 0.0159689
1.0125 0.945042 0.0160892
1.0175 0.965972 0.0163911
1.0225 0.921825 0.0158506
1.0275 0.939375 0.0161566
1.0325 0.937616 0.0161529
1.0375 0.948131 0.0163574
1.0425 0.942771 0.0163262
1.0475 0.921361 0.0160989
1.0525 0.941747 0.0164123
1.0575 0.951187 0.0166209
1.0625 0.929295 0.0163626
1.0675 0.946442 0.0166645
1.0725 0.928796 0.0164892
1.0775 0.969525 0.0170897
1.0825 0.916442 0.0164826
1.0875 0.919417 0.0165667
1.0925 0.928056 0.0167647
1.0975 0.944401 0.0170211
1.1025 0.918518 0.0167568
1.1075 0.897223 0.016569
1.1125 0.948041 0.0173014
1.1175 0.946696 0.0173922
1.1225 0.907044 0.0169208
1.1275 0.939587 0.0174592
1.1325 0.912532 0.0171673
1.1375 0.923889 0.0174565
1.1425 0.925654 0.0175602
1.1475 0.921238 0.0175367
1.1525 0.949932 0.01807
1.1575 0.937177 0.0180039
1.1625 0.933791 0.0180389
1.1675 0.940602 0.0182099
1.1725 0.920789 0.0181375
1.1775 0.923539 0.0183248
1.1825 0.912342 0.0182039
1.1875 0.900444 0.0181431
1.1925 0.939376 0.0188177
1.1975 0.943328 0.0190418
1.2025 0.933364 0.0189906
1.2075 0.92079 0.0189433
1.2125 0.947578 0.0194975
1.2175 0.937571 0.0194803
1.2225 0.914442 0.0193168
1.2275 0.911551 0.0194225
1.2325 0.918428 0.0196569
1.2375 0.916662 0.019797
1.2425 0.901841 0.0196825
1.2475 0.944407 0.0205295
1.2525 0.914428 0.0202175
1.2575 0.91772 0.0204106
1.2625 0.910008 0.0204676
1.2675 0.963002 0.021554
1.2725 0.924224 0.021085
1.2775 0.926842 0.0213111
1.2825 0.90654 0.0211215
1.2875 0.942262 0.0219424
1.2925 0.931379 0.0219973
1.2975 0.90459 0.0217716
1.3025 0.937375 0.022532
1.3075 0.929578 0.022624
1.3125 0.961338 0.0233169
1.3175 0.951173 0.0234458
1.3225 0.931559 0.0233676
1.3275 0.948665 0.0238437
1.3325 0.900412 0.0233159
1.3375 0.952361 0.024355
1.3425 0.923251 0.0243752
1.3475 0.906292 0.0241487
1.3525 0.949403 0.0251626
1.3575 0.951713 0.0255335
1.3625 0.934208 0.0255879
1.3675 0.969842 0.0263423
1.3725 0.909307 0.025732
1.3775 0.936382 0.026528
1.3825 0.952137 0.0272434
1.3875 0.922942 0.0268688
1.3925 0.939001 0.0275641
1.3975 0.902505 0.0271971
1.4025 0.926026 0.0279941
1.4075 0.935404 0.0282323
1.4125 0.937909 0.0289088
1.4175 0.928219 0.0290566
1.4225 0.955972 0.0299904
1.4275 0.919346 0.0297929
1.4325 0.909458 0.0296896
1.4375 0.91515 0.0303521
1.4425 0.964772 0.0317358
1.4475 0.949738 0.0318154
1.4525 0.876851 0.0309168
1.4575 0.952632 0.0328256
1.4625 0.910811 0.0322554
1.4675 0.914088 0.0332806
1.4725 0.922945 0.033531
1.4775 0.853606 0.0326587
1.4825 0.934363 0.0348278
1.4875 0.957472 0.0359779
1.4925 0.926621 0.0363
1.4975 0.89275 0.0356503
1.5025 0.919323 0.0366945
1.5075 0.905194 0.0371409
1.5125 0.935103 0.0382068
1.5175 0.947942 0.0395234
1.5225 0.922395 0.0391845
1.5275 0.919224 0.0395662
1.5325 0.963498 0.0419121
1.5375 0.862481 0.0397792
1.5425 0.931461 0.0422891
1.5475 0.946562 0.0432198
1.5525 0.991149 0.0454881
1.5575 0.921355 0.0443253
1.5625 1.03541 0.0479634
1.5675 0.841061 0.0433871
1.5725 0.973032 0.0491874
1.5775 0.898754 0.0474716
1.5825 0.839767 0.0459389
1.5875 0.923495 0.0490751
1.5925 0.959806 0.0512834
1.5975 0.973965 0.0523616
1.6025 0.956349 0.0522258
1.6075 0.856348 0.0507693
1.6125 0.938854 0.0539918
1.6175 0.911692 0.0539467
1.6225 1.00533 0.0581116
1.6275 0.896166 0.0552756
1.6325 0.882507 0.0555709
1.6375 0.918136 0.0590318
1.6425 0.953672 0.0611458
1.6475 1.07563 0.0667179
1.6525 0.891866 0.0613149
1.6575 0.991927 0.0652534
1.6625 0.910185 0.0641344
1.6675 0.979909 0.0691762
1.6725 0.8358 0.0646334
1.6775 0.863794 0.0672933
1.6825 1.03085 0.0748007
1.6875 1.00888 0.0736885
1.6925 0.843106 0.0704461
1.6975 0.995984 0.0766896
1.7025 1.03698 0.080531
1.7075 0.838836 0.0719614
1.7125 0.990506 0.0830365
1.7175 0.920115 0.0793255
1.7225 0.960646 0.0839873
1.7275 1.0263 0.0910989
1.7325 0.856524 0.0832667
1.7375 0.947597 0.0902135
1.7425 1.007 0.0952365
1.7475 1.01712 0.0974532
1.7525 0.940649 0.0938423
1.7575 1.0296 0.103052
1.7625 0.879928 0.0963923
1.7675 0.99044 0.109129
1.7725 1.01949 0.105207
1.7775 0.809245 0.102172
1.7825 0.799763 0.100369
1.7875 1.02418 0.119277
1.7925 0.788428 0.105797
1.7975 1.1487 0.134996
1.8025 0.887479 0.111541
1.8075 0.780967 0.112525
1.8125 0.807352 0.116427
1.8175 0.931748 0.131562
1.8225 0.760742 0.120123
1.8275 0.967043 0.137778
1.8325 0.784352 0.122981
1.8375 1.01597 0.142219
1.8425 1.04085 0.147353
1.8475 1.0511 0.149805
1.8525 1.01472 0.154312
1.8575 0.97577 0.146517
1.8625 0.952266 0.160129
1.8675 0.747612 0.145504
1.8725 1.02517 0.165801
1.8775 0.89134 0.162329
1.8825 0.799162 0.157192
1.8875 0.827363 0.164411
1.8925 1.23057 0.202318
1.8975 1.01395 0.198162
1.9025 0.882135 0.186715
1.9075 0.776492 0.174335
1.9125 1.09896 0.221245
1.9175 0.670685 0.163608
1.9225 1.11454 0.23636
1.9275 1.26582 0.26939
1.9325 1.37088 0.268374
1.9375 0.835376 0.208999
1.9425 0.683554 0.188504
1.9475 1.19397 0.297738
1.9525 0.488822 0.182442
1.9575 1.37995 0.323812
1.9625 0.829968 0.248294
1.9675 1.11645 0.288456
1.9725 1.01646 0.277246
1.9775 0.893416 0.265434
1.9825 0.841983 0.257983
1.9875 0.855892 0.299927
1.9925 0.902698 0.294107
1.9975 1.11429 0.321201
2.0025 0.576718 0.268898
2.0075 0.784653 0.28115
2.0125 0.640829 0.291675
2.0175 0.763007 0.305218
2.0225 0.862779 0.337293
2.0275 1.53551 0.500151
2.0325 1.18068 0.398897
2.0375 1.5208 0.482854
2.0425 0.555267 0.31422
2.0475 1.0883 0.450024
2.0525 0.53695 0.355467
2.0575 0.692988 0.390478
2.0625 0.515729 0.299953
2.0675 0.781398 0.403446
2.0725 1.119 0.510089
2.0775 1.10126 0.529988
2.0825 0.758648 0.423465
2.0875 0.454545 0.396888
2.0925 -0.0078399 0.240225
2.0975 0.22923 0.326891
2.1025 0.333412 0.332101
2.1075 1.27401 0.612164
2.1125 0.239597 0.411848
2.1175 0.786193 0.539354
2.1225 0.60808 0.557367
2.1275 1.15632 0.650393
2.1325 -0.0695551 0.287111
2.1375 0.450485 0.565406
2.1425 0.24177 0.473759
2.1475 0.604834 0.561981
2.1525 0.964744 0.794825
2.1575 0.965042 0.788106
2.1625 0.815502 0.701192
2.1675 2.87884 2.38351
2.1725 2.32552 1.44489
2.1775 2.48842 1.73715
2.1825 0.753311 0.809529
2.1875 0.849783 0.88363
2.1925 1.10427 0.771694
2.1975 2.41594 1.95318
2.2025 2.39006 1.9175
2.2075 1.4985 1.43819
2.2125 1.10439 1.09244
2.2175 0.608697 0.963761
2.2225 2.23996 2.20579
2.2275 0.8503 0.880592
2.2325 0.752983 1.14632
2.2375 6.02938 4.59341
2.2425 -0.305841 0.533183
2.2475 1.50487 1.45654
2.2525 -0.281356 0.427311
2.2575 -0.285327 0.643075
2.2625 2.85412 2.35222
2.2675 -0.299717 0.581374
2.2725 -0.285463 0.575123
2.2775 1.81729 2.50788
2.2825 3.94254 4.23962
2.2875 2.88378 4.13892
2.2925 1.51257 1.47878
2.2975 -0.31225 0.757633
2.3025 -0.295778 0.648046
2.3125 -0.311561 0.586552
2.3175 -0.315712 0.657855
2.3225 -0.31053 0.926697
2.3275 6.0434 10.2983
2.3325 -0.309497 0.585629
2.3375 -0.305386 1.30539
2.3425 -0.31571 1.31571
2.3475 -0.292758 0.746514
2.3525 6.06326 7.31085
2.3575 -0.31571 1.31571
2.3625 1.81729 2.50788
2.3725 6.08328 10.3797
2.3875 -0.31053 0.926697
2.3975 -0.315712 0.930352
2.4375 -0.31571 1.31571
2.4575 -0.258631 1.25863
2.4825 6.08328 10.3797
2.4875 -0.31571 1.31571
