0.0025 32.0006 47.104
0.0075 17.9795 10.1458
0.0125 9.22693 2.6666
0.0175 5.27794 1.11753
0.0225 3.14929 0.601007
0.0275 3.44171 0.545701
0.0325 2.34662 0.371323
0.0375 1.72655 0.243687
0.0425 1.81986 0.240113
0.0475 1.26625 0.170432
0.0525 1.14028 0.139215
0.0575 1.11445 0.131828
0.0625 1.18962 0.12668
0.0675 0.886035 0.101614
0.0725 1.15634 0.10933
0.0775 1.11317 0.099306
0.0825 1.01745 0.0890201
0.0875 0.972742 0.0821734
0.0925 1.15296 0.0881003
0.0975 1.12501 0.0819094
0.1025 0.937143 0.0728322
0.1075 1.19511 0.0794455
0.1125 0.95015 0.0661428
0.1175 1.05242 0.0693453
0.1225 1.06184 0.0666327
0.1275 0.979544 0.0625977
0.1325 0.999159 0.0608505
0.1375 1.01447 0.0595236
0.1425 0.981805 0.0565521
0.1475 1.19218 0.0629655
0.1525 1.03424 0.0570364
0.1575 1.05709 0.0559947
0.1625 1.03747 0.0540119
0.1675 1.04026 0.0533553
0.1725 1.04637 0.0523422
0.1775 1.06789 0.0521285
0.1825 0.945165 0.0474381
0.1875 1.01442 0.0485403
0.1925 1.02939 0.0486812
0.1975 1.07382 0.0491521
0.2025 0.981137 0.0455916
0.2075 1.09541 0.0487734
0.2125 1.06475 0.0469516
0.2175 1.09343 0.0469199
0.2225 0.957674 0.0427116
0.2275 1.00096 0.0434978
0.2325 1.03372 0.0437928
0.2375 1.01924 0.0428116
0.2425 1.00645 0.0421972
0.2475 1.00341 0.0414326
0.2525 1.09015 0.0434862
0.2575 1.02145 0.0410756
0.2625 1.05413 0.0420146
0.2675 1.06494 0.0416349
0.2725 0.990084 0.0394847
0.2775 1.01536 0.0395793
0.2825 1.00628 0.039113
0.2875 1.0591 0.040395
0.2925 1.02699 0.0393343
0.2975 1.05223 0.0396312
0.3025 1.0107 0.0381468
0.3075 0.991333 0.0375413
0.3125 1.0016 0.0376911
0.3175 1.06465 0.0389289
0.3225 0.98617 0.0366968
0.3275 0.98546 0.0364711
0.3325 0.987053 0.03662
0.3375 1.00418 0.036654
0.3425 1.009 0.036579
0.3475 0.979045 0.0358162
0.3525 0.993998 0.0358437
0.3575 1.00351 0.0359606
0.3625 1.00678 0.0359684
0.3675 1.0116 0.035794
0.3725 0.992599 0.0352732
0.3775 1.0301 0.035964
0.3825 0.999986 0.0350833
0.3875 0.92771 0.0332411
0.3925 1.01887 0.0355199
0.3975 0.968357 0.0340229
0.4025 1.00025 0.0347693
0.4075 1.01522 0.0349357
0.4125 1.00444 0.0346512
0.4175 1.01983 0.0349149
0.4225 1.01549 0.0347512
0.4275 1.01891 0.0346746
0.4325 0.987794 0.0337636
0.4375 0.991905 0.033693
0.4425 0.99008 0.0336882
0.4475 1.03779 0.0348255
0.4525 0.941491 0.0322907
0.4575 0.995418 0.0335433
0.4625 1.03967 0.034475
0.4675 0.99394 0.0333155
0.4725 0.982556 0.0329775
0.4775 1.02115 0.03389
0.4825 1.01099 0.0335523
0.4875 0.980591 0.0327117
0.4925 0.978227 0.0325572
0.4975 1.01165 0.0332002
0.5025 0.985474 0.0326575
0.5075 0.977455 0.0323365
0.5125 0.975863 0.0322461
0.5175 0.935019 0.0310807
0.5225 1.00412 0.0327772
0.5275 0.974288 0.0320564
0.5325 0.969175 0.0318263
0.5375 1.00289 0.0325039
0.5425 0.911967 0.0303278
0.5475 0.988637 0.0321114
0.5525 0.946848 0.0309025
0.5575 0.942498 0.0307944
0.5625 0.958584 0.0311963
0.5675 0.956248 0.0311565
0.5725 0.926473 0.0303306
0.5775 0.961383 0.0310513
0.5825 0.937636 0.0305352
0.5875 0.992402 0.0317071
0.5925 0.98046 0.0314943
0.5975 0.960987 0.0309563
0.6025 0.967947 0.0310397
0.6075 0.962484 0.0307821
0.6125 0.953151 0.030441
0.6175 0.999639 0.0316542
0.6225 0.950847 0.0304273
0.6275 0.931593 0.029907
0.6325 0.973087 0.0308978
0.6375 0.949178 0.0302703
0.6425 0.932906 0.0297149
0.6475 0.970569 0.0307074
0.6525 0.946975 0.030048
0.6575 0.943809 0.0299213
0.6625 0.918989 0.0292689
0.6675 0.950575 0.0299801
0.6725 0.890731 0.0285948
0.6775 0.907369 0.0288798
0.6825 0.944181 0.0297682
0.6875 0.93431 0.0294724
0.6925 0.931699 0.0293365
0.6975 0.906778 0.0288033
0.7025 0.951237 0.029867
0.7075 0.94555 0.0295821
0.7125 0.921451 0.0290203
0.7175 0.948158 0.0296293
0.7225 0.929206 0.029177
0.7275 0.944599 0.0294608
0.7325 0.931453 0.0291645
0.7375 0.90262 0.0284298
0.7425 0.907725 0.0285177
0.7475 0.900552 0.0283618
0.7525 0.935738 0.029185
0.7575 0.932921 0.0291434
0.7625 0.910905 0.0286016
0.7675 0.939837 0.0292835
0.7725 0.954809 0.0295767
0.7775 0.912197 0.0285209
0.7825 0.921426 0.0287412
0.7875 0.943786 0.0292713
0.7925 0.937451 0.0291738
0.7975 0.884012 0.0278874
0.8025 0.913568 0.0285801
0.8075 0.871723 0.0276296
0.8125 0.8922 0.0280511
0.8175 0.929538 0.0289398
0.8225 0.908366 0.0285314
0.8275 0.905225 0.0284085
0.8325 0.910723 0.0285609
0.8375 0.886905 0.0280271
0.8425 0.888321 0.0280766
0.8475 0.903031 0.028418
0.8525 0.919785 0.0288523
0.8575 0.917555 0.0288887
0.8625 0.938371 0.0295101
0.8675 0.935493 0.0294145
0.8725 0.897792 0.0285313
0.8775 0.920987 0.0291303
0.8825 0.87751 0.0280961
0.8875 0.917738 0.029129
0.8925 0.891666 0.0286208
0.8975 0.916508 0.0291879
0.9025 0.896727 0.0287542
0.9075 0.924672 0.0294849
0.9125 0.899723 0.0289535
0.9175 0.897816 0.0290956
0.9225 0.899799 0.0290606
0.9275 0.956816 0.030581
0.9325 0.871521 0.0285169
0.9375 0.89556 0.0292524
0.9425 0.897869 0.029345
0.9475 0.88878 0.0291984
0.9525 0.914544 0.0298329
0.9575 0.908826 0.0298922
0.9625 0.921472 0.030224
0.9675 0.922466 0.0303101
0.9725 0.898474 0.029941
0.9775 0.870966 0.0293093
0.9825 0.900538 0.0302265
0.9875 0.872827 0.0294521
0.9925 0.895629 0.0303164
0.9975 0.905156 0.0305289
1.0025 0.893169 0.0303746
1.0075 0.890514 0.0305092
1.0125 0.893093 0.0307889
1.0175 0.908332 0.0312461
1.0225 0.866148 0.0302427
1.0275 0.917153 0.0317524
1.0325 0.914131 0.0317425
1.0375 0.869733 0.0307085
1.0425 0.886761 0.0314609
1.0475 0.889665 0.0317841
1.0525 0.908704 0.0324373
1.0575 0.871842 0.0315639
1.0625 0.88628 0.0320672
1.0675 0.918577 0.0331154
1.0725 0.874385 0.0321575
1.0775 0.861264 0.0321056
1.0825 0.852739 0.0321049
1.0875 0.881794 0.0330932
1.0925 0.865681 0.0328454
1.0975 0.878551 0.0334704
1.1025 0.901186 0.0342908
1.1075 0.957997 0.036051
1.1125 0.924028 0.0353343
1.1175 0.931011 0.0357668
1.1225 0.906554 0.035585
1.1275 0.884492 0.0348007
1.1325 0.871955 0.0351259
1.1375 0.919144 0.0364265
1.1425 0.852541 0.0350975
1.1475 0.872615 0.0359504
1.1525 0.902376 0.0371961
1.1575 0.860489 0.0360353
1.1625 0.919753 0.0381394
1.1675 0.863895 0.0369791
1.1725 0.866199 0.0371691
1.1775 0.876518 0.0379923
1.1825 0.843458 0.0376444
1.1875 0.93552 0.0402901
1.1925 0.927606 0.0406047
1.1975 0.92637 0.0411597
1.2025 0.88794 0.0400932
1.2075 0.862006 0.0399186
1.2125 0.857616 0.0404357
1.2175 0.872451 0.0409461
1.2225 1.00379 0.0456283
1.2275 0.860769 0.0415856
1.2325 0.858055 0.0420426
1.2375 0.875502 0.0433833
1.2425 0.879853 0.0439857
1.2475 0.887925 0.0447256
1.2525 0.891964 0.0460411
1.2575 0.829899 0.0436168
1.2625 0.898288 0.0465892
1.2675 0.853162 0.0459593
1.2725 0.875652 0.0474307
1.2775 0.904727 0.0481562
1.2825 0.870815 0.0482837
1.2875 0.986972 0.0534882
1.2925 0.875977 0.049459
1.2975 0.885449 0.0506886
1.3025 0.885331 0.0514258
1.3075 0.993053 0.0558846
1.3125 0.838518 0.0509501
1.3175 0.92513 0.0550011
1.3225 0.84926 0.0525082
1.3275 0.812264 0.0525167
1.3325 0.88313 0.0562626
1.3375 0.858156 0.055746
1.3425 0.809526 0.0546309
1.3475 0.848797 0.0568049
1.3525 0.893589 0.0617681
1.3575 0.894698 0.0614952
1.3625 0.904715 0.0627599
1.3675 0.877245 0.0629124
1.3725 0.806858 0.0611596
1.3775 0.908248 0.0659912
1.3825 0.938182 0.0683067
1.3875 0.866874 0.0647808
1.3925 0.88878 0.0680735
1.3975 1.06553 0.0771955
1.4025 0.770048 0.0650849
1.4075 0.828318 0.0685014
1.4125 0.781181 0.0695584
1.4175 0.927761 0.0763218
1.4225 0.947498 0.0785717
1.4275 0.821488 0.0747933
1.4325 0.805816 0.0732904
1.4375 0.909509 0.0799213
1.4425 0.911678 0.083724
1.4475 0.792061 0.0768998
1.4525 0.915217 0.0833784
1.4575 0.851861 0.0829712
1.4625 1.05248 0.0973421
1.4675 0.923634 0.0921936
1.4725 0.820243 0.0895353
1.4775 0.813929 0.0885716
1.4825 0.86261 0.0908491
1.4875 0.804754 0.0901697
1.4925 0.918933 0.0992009
1.4975 0.866054 0.099608
1.5025 0.82799 0.0987336
1.5075 0.784893 0.098789
1.5125 0.766187 0.098007
1.5175 0.837899 0.104272
1.5225 0.847266 0.106691
1.5275 0.915416 0.11467
1.5325 0.86345 0.115325
1.5375 0.921293 0.121493
1.5425 0.74141 0.108301
1.5475 0.772112 0.113919
1.5525 0.920618 0.131583
1.5575 0.921305 0.129676
1.5625 1.3492 0.176222
1.5675 0.705757 0.119488
1.5725 0.660286 0.119364
1.5775 1.03998 0.153335
1.5825 0.984736 0.156879
1.5875 0.8573 0.141159
1.5925 0.659298 0.124358
1.5975 0.864288 0.151081
1.6025 1.09115 0.184569
1.6075 0.752802 0.149701
1.6125 0.641513 0.138748
1.6175 0.947805 0.174943
1.6225 0.943291 0.182962
1.6275 0.817956 0.167441
1.6325 0.794843 0.170694
1.6375 1.28784 0.227936
1.6425 1.19409 0.233257
1.6475 0.973879 0.203052
1.6525 0.884976 0.192949
1.6575 0.663672 0.178101
1.6625 1.03856 0.239111
1.6675 0.809199 0.203502
1.6725 0.615268 0.18727
1.6775 0.49289 0.181713
1.6825 1.07282 0.293428
1.6875 1.2004 0.289317
1.6925 0.847559 0.246102
1.6975 0.912217 0.237624
1.7025 1.43801 0.356347
1.7075 1.02026 0.274404
1.7125 0.853404 0.253046
1.7175 1.00612 0.267301
1.7225 1.60491 0.389938
1.7275 0.880682 0.299103
1.7325 0.73126 0.262296
1.7375 0.571172 0.244628
1.7425 2.06763 0.557609
1.7475 0.750458 0.292782
1.7525 0.835958 0.295431
1.7575 0.580248 0.256163
1.7625 0.87755 0.354131
1.7675 0.91865 0.347846
1.7725 0.716848 0.313956
1.7775 0.80813 0.353226
1.7825 0.687374 0.358064
1.7875 1.47057 0.52747
1.7925 0.882815 0.414721
1.7975 0.688924 0.356286
1.8025 0.97516 0.525251
1.8075 1.0273 0.467862
1.8125 0.617526 0.387553
1.8175 0.59633 0.348011
1.8225 1.56016 0.678771
1.8275 1.26125 0.550256
1.8325 1.17038 0.577185
1.8375 1.06087 0.559164
1.8425 1.85956 0.867856
1.8475 0.748499 0.510296
1.8525 1.01693 0.770859
1.8575 0.71204 0.48755
1.8625 1.15063 0.667189
1.8675 1.98261 1.1804
1.8725 0.432146 0.488481
1.8775 1.51684 0.822639
1.8825 1.09016 0.636101
1.8875 0.470558 0.513788
1.8925 0.0585476 0.347722
1.8975 0.178588 0.445158
1.9025 -0.186966 0.272482
1.9075 0.0544381 0.349473
1.9125 4.12312 2.59803
1.9175 1.10956 0.832401
1.9225 -0.257529 0.364317
1.9275 0.60506 0.894144
1.9325 2.23864 1.75062
1.9375 0.612574 0.877114
1.9425 0.335054 0.661298
1.9475 0.740174 0.745283
1.9525 0.268574 0.539125
1.9575 1.06264 0.996046
1.9625 11.1022 17.1317
1.9675 2.08132 1.97846
1.9725 1.22196 1.60682
1.9775 -0.159829 0.518947
1.9825 0.747517 1.02399
1.9875 -0.282513 1.28251
1.9925 1.22257 1.61121
1.9975 5.57649 6.64657
2.0025 -0.187547 0.484832
2.0075 -0.198735 0.69209
2.0125 -0.269187 0.568763
2.0175 -0.175516 0.831307
2.0225 3.77971 4.04916
2.0275 3.6817 3.9055
2.0325 0.934231 1.27692
2.0375 -0.22447 0.707312
2.0425 -0.187719 0.839903
2.0475 1.2269 1.64258
2.0525 5.78742 9.82977
2.0575 1.78935 2.53166
2.0625 -0.282513 1.28251
2.0675 2.83813 4.11079
2.0775 -0.201468 0.849565
2.0825 -0.319679 0.765749
2.0925 -0.282513 1.28251
2.0975 11.8573 18.4123
2.1025 -0.525425 1.52543
2.1075 5.78742 9.82977
2.1125 -0.292925 0.917413
2.1175 -0.20147 1.20147
2.1375 -0.349774 0.95548
2.1475 -0.174274 1.17427
2.1525 5.38338 9.00017
2.1625 -0.20147 1.20147
2.1675 -0.191238 1.19124
2.1775 -0.282513 1.28251
2.1875 5.4467 9.13019
2.1975 -0.282513 1.28251
2.2175 -0.244281 0.719021
2.2225 -0.282513 1.28251
2.2575 -0.282513 1.28251
2.2625 -0.282513 1.28251
2.2825 -0.20147 1.20147
2.3425 -0.282513 1.28251
2.3575 -0.282513 1.28251
