0.0025 29.1684 42.8162
0.0075 6.98899 2.81286
0.0125 7.4836 1.89372
0.0175 5.39713 1.04677
0.0225 2.63741 0.413133
0.0275 2.44045 0.345934
0.0325 1.84461 0.240495
0.0375 1.39799 0.16967
0.0425 1.10908 0.126906
0.0475 0.97867 0.108491
0.0525 1.2196 0.118002
0.0575 1.19908 0.105011
0.0625 0.975672 0.0854701
0.0675 0.994126 0.0812245
0.0725 1.06078 0.0805642
0.0775 0.987908 0.0723167
0.0825 1.0225 0.0704197
0.0875 1.03517 0.0665426
0.0925 0.958226 0.0603626
0.0975 0.947222 0.0580136
0.1025 0.950183 0.0559709
0.1075 1.1043 0.0588262
0.1125 1.08653 0.0552402
0.1175 1.01041 0.0521559
0.1225 0.938717 0.0472883
0.1275 1.00583 0.048564
0.1325 1.01883 0.0477236
0.1375 1.00144 0.0455671
0.1425 1.09377 0.0469876
0.1475 1.00794 0.0433276
0.1525 1.06367 0.044055
0.1575 1.01664 0.0418736
0.1625 1.05357 0.0417335
0.1675 0.998552 0.0394976
0.1725 1.02292 0.0393438
0.1775 0.993756 0.0380176
0.1825 1.01153 0.0380415
0.1875 1.0532 0.0380709
0.1925 1.01559 0.0367968
0.1975 0.989263 0.0357436
0.2025 0.993062 0.0350325
0.2075 0.96931 0.0341923
0.2125 1.02535 0.0350195
0.2175 0.968678 0.0333084
0.2225 1.00823 0.0338162
0.2275 1.0232 0.033576
0.2325 1.00664 0.0329314
0.2375 1.00138 0.0325623
0.2425 0.990587 0.0317553
0.2475 1.0061 0.0321686
0.2525 0.973006 0.0309337
0.2575 0.998014 0.0313819
0.2625 1.02617 0.0315967
0.2675 1.01563 0.0310856
0.2725 1.05426 0.0317045
0.2775 1.03235 0.0311385
0.2825 1.02297 0.0307194
0.2875 1.0149 0.0302501
0.2925 1.03297 0.0303768
0.2975 0.994429 0.0294923
0.3025 1.00843 0.0295323
0.3075 1.02001 0.0296547
0.3125 1.02471 0.0297665
0.3175 0.993564 0.0287439
0.3225 1.00433 0.0288537
0.3275 0.999164 0.0284869
0.3325 1.00776 0.0286
0.3375 1.01821 0.0285557
0.3425 1.00463 0.028306
0.3475 0.984304 0.0277029
0.3525 1.03264 0.0285795
0.3575 1.03453 0.0284599
0.3625 1.00213 0.0277809
0.3675 0.999211 0.0276635
0.3725 0.983093 0.0270825
0.3775 1.04765 0.0283915
0.3825 1.01621 0.027585
0.3875 1.00866 0.0273667
0.3925 1.03429 0.0277437
0.3975 0.958246 0.0261279
0.4025 1.02149 0.0273205
0.4075 0.990803 0.0266097
0.4125 0.997645 0.0267544
0.4175 0.984697 0.0262891
0.4225 0.985197 0.0263458
0.4275 1.00356 0.0267049
0.4325 0.961656 0.0257383
0.4375 1.01301 0.0267164
0.4425 1.00356 0.0264554
0.4475 0.996198 0.0262016
0.4525 0.97266 0.025757
0.4575 1.00509 0.0262841
0.4625 0.988957 0.0259035
0.4675 1.00269 0.0261099
0.4725 0.985593 0.0256765
0.4775 0.983141 0.0256413
0.4825 0.9901 0.0257404
0.4875 1.01438 0.0261457
0.4925 0.989219 0.0255689
0.4975 0.975674 0.0252311
0.5025 0.974176 0.0251919
0.5075 0.982557 0.0253376
0.5125 0.968283 0.0250521
0.5175 0.992491 0.0253557
0.5225 0.957948 0.0247407
0.5275 0.959276 0.0247067
0.5325 1.00288 0.0255078
0.5375 0.980388 0.0249658
0.5425 0.972536 0.0248374
0.5475 0.969809 0.0247733
0.5525 0.964482 0.0245614
0.5575 0.962762 0.0245524
0.5625 0.959843 0.0245042
0.5675 0.93853 0.0240225
0.5725 0.922168 0.0236207
0.5775 0.942821 0.0239612
0.5825 0.935114 0.0237967
0.5875 0.932214 0.0236864
0.5925 0.958174 0.0241819
0.5975 0.963167 0.0242388
0.6025 0.945384 0.0238644
0.6075 0.957421 0.0240401
0.6125 0.928867 0.0234461
0.6175 0.947521 0.0237829
0.6225 0.943158 0.0237192
0.6275 0.950132 0.0237814
0.6325 0.953214 0.0237606
0.6375 0.93511 0.0233848
0.6425 0.931136 0.023341
0.6475 0.945545 0.0235644
0.6525 0.919322 0.0230517
0.6575 0.935154 0.0232905
0.6625 0.912289 0.0229071
0.6675 0.914418 0.0228869
0.6725 0.931352 0.0231315
0.6775 0.926895 0.0230397
0.6825 0.921758 0.0228942
0.6875 0.908924 0.0226829
0.6925 0.910554 0.0226733
0.6975 0.938896 0.0231288
0.7025 0.920649 0.0227505
0.7075 0.908519 0.0225656
0.7125 0.888978 0.0221833
0.7175 0.930721 0.0229894
0.7225 0.892614 0.0222246
0.7275 0.892023 0.0221286
0.7325 0.894463 0.0221613
0.7375 0.909383 0.0224783
0.7425 0.921582 0.0226723
0.7475 0.899293 0.022211
0.7525 0.891306 0.0220723
0.7575 0.906244 0.022313
0.7625 0.894834 0.0220924
0.7675 0.909793 0.0223779
0.7725 0.917464 0.0225199
0.7775 0.93683 0.0228759
0.7825 0.915769 0.0224513
0.7875 0.898748 0.022141
0.7925 0.914273 0.0224032
0.7975 0.908035 0.0223148
0.8025 0.90654 0.0223184
0.8075 0.905305 0.0222341
0.8125 0.899409 0.0221246
0.8175 0.916276 0.0224349
0.8225 0.929999 0.0227687
0.8275 0.88295 0.0218122
0.8325 0.893867 0.022081
0.8375 0.910727 0.0223547
0.8425 0.903683 0.0222963
0.8475 0.901463 0.0222035
0.8525 0.873865 0.0216927
0.8575 0.896535 0.0220986
0.8625 0.894408 0.0221418
0.8675 0.860365 0.0215065
0.8725 0.863918 0.0215949
0.8775 0.912763 0.0225346
0.8825 0.914388 0.0225495
0.8875 0.880327 0.0219501
0.8925 0.901417 0.0224044
0.8975 0.908572 0.0224997
0.9025 0.894202 0.022276
0.9075 0.886738 0.0221554
0.9125 0.882303 0.0221713
0.9175 0.894178 0.0223695
0.9225 0.867646 0.0219312
0.9275 0.873299 0.0221383
0.9325 0.898317 0.022614
0.9375 0.883067 0.0223843
0.9425 0.884584 0.0224011
0.9475 0.880823 0.0223429
0.9525 0.885711 0.0225119
0.9575 0.898698 0.0228009
0.9625 0.877935 0.0224792
0.9675 0.877629 0.022499
0.9725 0.889406 0.0228075
0.9775 0.871398 0.0225721
0.9825 0.872914 0.0226477
0.9875 0.891847 0.0230304
0.9925 0.899622 0.0232652
0.9975 0.882766 0.0229606
1.0025 0.884002 0.0231014
1.0075 0.901653 0.0234974
1.0125 0.853639 0.0226757
1.0175 0.917069 0.0239912
1.0225 0.926207 0.0242224
1.0275 0.897125 0.0237522
1.0325 0.843369 0.0227825
1.0375 0.893296 0.0238238
1.0425 0.880361 0.0237305
1.0475 0.847017 0.0230856
1.0525 0.859598 0.0234656
1.0575 0.879608 0.0239439
1.0625 0.843997 0.0233373
1.0675 0.83798 0.0233838
1.0725 0.876051 0.0241476
1.0775 0.879517 0.0244315
1.0825 0.886817 0.024697
1.0875 0.888047 0.0248552
1.0925 0.891582 0.0249917
1.0975 0.862484 0.0245466
1.1025 0.88772 0.0252982
1.1075 0.863457 0.0248227
1.1125 0.866031 0.0250262
1.1175 0.845477 0.0246498
1.1225 0.886625 0.0257262
1.1275 0.889525 0.0259302
1.1325 0.865273 0.025653
1.1375 0.88273 0.0262322
1.1425 0.911011 0.0268296
1.1475 0.874404 0.0262821
1.1525 0.888315 0.0267506
1.1575 0.860167 0.0262506
1.1625 0.874224 0.0268206
1.1675 0.880689 0.0270684
1.1725 0.88826 0.0275261
1.1775 0.82964 0.0264353
1.1825 0.891205 0.0280598
1.1875 0.880298 0.0278603
1.1925 0.854773 0.0275787
1.1975 0.862829 0.0282227
1.2025 0.823739 0.027372
1.2075 0.85316 0.0283798
1.2125 0.846504 0.0281634
1.2175 0.909853 0.0299315
1.2225 0.862181 0.0292509
1.2275 0.878484 0.0299282
1.2325 0.87861 0.0301518
1.2375 0.852264 0.0296165
1.2425 0.889323 0.0309571
1.2475 0.862806 0.0305554
1.2525 0.870516 0.0311331
1.2575 0.852039 0.0308864
1.2625 0.875247 0.0317948
1.2675 0.835862 0.0312614
1.2725 0.902871 0.0331592
1.2775 0.894913 0.033463
1.2825 0.93456 0.0349628
1.2875 0.861935 0.0332849
1.2925 0.853819 0.0333385
1.2975 0.878817 0.0344067
1.3025 0.849615 0.0341837
1.3075 0.824826 0.0335791
1.3125 0.86087 0.0351952
1.3175 0.913546 0.0370383
1.3225 0.837283 0.0355446
1.3275 0.875678 0.0364308
1.3325 0.817383 0.0357581
1.3375 0.840777 0.0371679
1.3425 0.871513 0.0378238
1.3475 0.847289 0.0377816
1.3525 0.872361 0.0392233
1.3575 0.884971 0.040029
1.3625 0.83428 0.0388574
1.3675 0.903432 0.0417818
1.3725 0.904361 0.0426953
1.3775 0.780895 0.0390397
1.3825 0.858711 0.0419205
1.3875 0.920841 0.0442418
1.3925 0.870609 0.0430881
1.3975 0.784883 0.0415096
1.4025 0.833911 0.0433828
1.4075 0.872121 0.0458655
1.4125 0.856824 0.0459664
1.4175 0.879302 0.0471037
1.4225 0.878704 0.0473635
1.4275 0.793497 0.045517
1.4325 0.868969 0.0484037
1.4375 0.898786 0.0506404
1.4425 0.895948 0.0516099
1.4475 0.831187 0.0493847
1.4525 0.804563 0.0496818
1.4575 0.842863 0.0519825
1.4625 0.848274 0.0529101
1.4675 0.939465 0.0566533
1.4725 0.895382 0.0556246
1.4775 0.90419 0.0578709
1.4825 0.878872 0.0580385
1.4875 0.844002 0.057332
1.4925 0.832988 0.0583334
1.4975 0.839628 0.0599222
1.5025 0.807897 0.0589279
1.5075 0.849294 0.0632903
1.5125 0.883818 0.064583
1.5175 0.896372 0.0662271
1.5225 0.881061 0.0659911
1.5275 0.936701 0.070929
1.5325 0.754128 0.062636
1.5375 0.72216 0.063303
1.5425 0.887072 0.0716392
1.5475 0.816121 0.0704837
1.5525 0.869042 0.0737018
1.5575 0.921381 0.0760973
1.5625 0.731581 0.0686744
1.5675 0.673467 0.0662149
1.5725 0.936537 0.0805455
1.5775 0.89839 0.0808772
1.5825 0.783548 0.0776985
1.5875 0.842665 0.0828331
1.5925 0.934869 0.0891378
1.5975 0.829736 0.085466
1.6025 0.860697 0.0879126
1.6075 0.792473 0.0865434
1.6125 0.792185 0.0870247
1.6175 0.850124 0.0942873
1.6225 0.99531 0.10798
1.6275 0.837788 0.0963862
1.6325 0.753208 0.0917077
1.6375 0.778054 0.0967889
1.6425 0.876098 0.106904
1.6475 0.894117 0.105594
1.6525 0.91028 0.113379
1.6575 0.821338 0.104163
1.6625 0.91115 0.11886
1.6675 0.730486 0.109577
1.6725 0.764604 0.110461
1.6775 0.926686 0.124336
1.6825 0.791595 0.116336
1.6875 0.893531 0.127429
1.6925 0.817191 0.124423
1.6975 0.781682 0.127081
1.7025 0.766576 0.125026
1.7075 1.04523 0.153283
1.7125 0.685707 0.125539
1.7175 1.02472 0.158182
1.7225 0.972833 0.1582
1.7275 0.800662 0.137924
1.7325 0.721778 0.138361
1.7375 0.720987 0.142381
1.7425 0.84703 0.166637
1.7475 0.863103 0.179407
1.7525 0.645495 0.145834
1.7575 0.766165 0.173689
1.7625 1.21744 0.22477
1.7675 0.751908 0.168391
1.7725 0.891802 0.191488
1.7775 1.06571 0.222483
1.7825 0.784817 0.178063
1.7875 1.24011 0.245841
1.7925 0.889448 0.221399
1.7975 1.22 0.262958
1.8025 1.17002 0.25481
1.8075 0.644318 0.185646
1.8125 0.689024 0.196914
1.8175 0.957738 0.251133
1.8225 0.375219 0.165631
1.8275 1.02851 0.280888
1.8325 0.565482 0.198234
1.8375 0.409195 0.198608
1.8425 0.731167 0.242383
1.8475 1.07111 0.323295
1.8525 0.957662 0.29028
1.8575 0.668225 0.243603
1.8625 1.23426 0.393007
1.8675 0.428971 0.231751
1.8725 1.666 0.448377
1.8775 0.701922 0.273522
1.8825 0.901409 0.340872
1.8875 2.11156 0.588088
1.8925 0.88054 0.349956
1.8975 1.4139 0.453199
1.9025 0.965054 0.396272
1.9075 0.898124 0.37116
1.9125 0.537213 0.318473
1.9175 0.49411 0.324959
1.9225 0.506965 0.306036
1.9275 0.419505 0.269564
1.9325 0.328279 0.287418
1.9375 1.39124 0.569125
1.9425 0.997551 0.435986
1.9475 0.551739 0.39954
1.9525 1.5394 0.632519
1.9575 0.479176 0.368925
1.9625 1.28719 0.589593
1.9675 0.464315 0.355412
1.9725 0.575455 0.414477
1.9775 1.54544 0.904035
1.9825 1.49506 0.733601
1.9875 0.496482 0.541076
1.9925 1.75325 0.87295
1.9975 0.917913 0.61112
2.0025 1.36369 0.671604
2.0075 0.917534 0.867986
2.0125 1.65971 1.08772
2.0175 1.76853 0.950984
2.0225 1.89737 1.45689
2.0275 0.451429 0.514598
2.0325 0.419598 0.483777
2.0375 1.4787 1.11932
2.0425 2.22323 1.75429
2.0475 0.732861 1.00667
2.0525 -0.195958 0.488402
2.0575 1.19974 1.12164
2.0625 0.494651 0.767907
2.0675 1.19896 1.11729
2.0725 2.03627 1.92886
2.0775 1.20431 1.62238
2.0825 0.596042 0.871974
2.0875 0.918043 1.21987
2.0925 -0.217548 0.460392
2.0975 0.599456 0.864601
2.1025 1.68429 1.59526
2.1075 2.20178 1.72353
2.1125 -0.21812 0.460724
2.1175 1.20675 1.64176
2.1225 -0.220162 0.461359
2.1275 -0.226607 0.70864
2.1325 0.91578 1.25357
2.1375 -0.201208 1.20121
2.1425 1.20278 1.61026
2.1475 0.916607 1.24126
2.1525 5.60278 9.48193
2.1575 -0.211835 0.85749
2.1625 -0.232924 0.503567
2.1675 8.25351 9.27804
2.1725 2.60996 3.6392
2.1775 -0.243747 0.622003
2.1825 -0.258604 1.2586
2.1925 -0.23887 0.715436
2.1975 5.60278 9.48193
2.2125 -0.258606 0.629303
2.2275 -0.201208 1.20121
2.2425 -0.258604 1.2586
2.2475 -0.258606 0.889973
2.2575 -0.211835 0.85749
2.2625 -0.229234 0.869431
2.2725 -0.258606 0.889973
2.2775 -0.201208 1.20121
2.2825 -0.258606 0.889973
2.2925 -0.258604 1.2586
2.3025 -0.258606 0.889973
2.3425 -0.258604 1.2586
2.3625 -0.258604 1.2586
2.3675 -0.258604 1.2586
2.3975 -0.258604 1.2586
2.4325 -0.258604 1.2586
